1.102258993693038536e-01 6.237570382606145297e-02 1.108704241111516942e-01 8.147756419458854205e-02 7.952990084107811053e-02 2.463073840503212514e-02 1.112796373674939665e-01 7.101492172430176088e-04 2.883593379779036611e-02 4.955926463067501786e-02 8.883715893959832910e-02 2.253292945120036542e-02 9.836739437179298218e-02 1.120919124818218204e-01 1.867538899516842446e-02
8.307755021740312329e-02 1.249791658112601837e-03 5.376455745170552469e-02 6.141806384302768949e-03 1.330518477530892862e-01 6.065952776723685519e-02 1.319843123935759144e-01 1.093598910563622906e-01 1.204840164144587306e-01 2.408394692176479834e-02 1.042389280660848370e-02 8.355164495492116428e-02 2.336166840965776120e-02 1.019989376355534411e-01 5.680660817524714468e-02
7.177665819390248447e-02 1.274760945987971350e-01 7.093195377826094772e-02 1.471041800752587864e-02 2.151270619469719883e-02 7.412799832430755353e-02 7.130013885137302665e-02 8.669211523545945763e-02 5.458897435054695102e-02 8.835017929944606607e-02 5.396415930499394442e-02 8.483020483324370253e-02 1.043395404200796739e-01 2.433403003851446200e-02 5.106482856885159044e-02
6.291636459804854364e-02 8.596966021570276451e-02 3.176030107882097525e-02 6.945270115577334424e-02 7.824037862576424529e-02 1.121153659761749688e-01 4.542871009550164541e-02 7.982116303320695161e-02 2.396879451639237837e-02 6.232305602336427053e-02 2.284188349442046323e-02 1.149801412240825937e-01 5.406345787156263683e-02 1.039382710195002474e-01 5.217975107168396076e-02
1.096175589848537163e-01 4.905221839413425461e-02 4.012804380147739353e-02 6.932541430495073320e-02 1.024414605166470704e-01 1.043281402802302138e-01 7.217886229351594407e-02 1.025835263168159775e-02 7.237012619014661363e-02 2.974135109232028257e-02 8.876752805334432728e-02 1.084038955597266818e-01 6.236973902917815338e-02 7.313311488246947156e-02 7.884193985323735207e-03
6.817010846654038281e-02 1.630640459901126771e-02 7.757225731134696767e-02 4.590121003872422306e-02 9.690908610184387206e-02 6.126147294910434804e-03 1.386162435083021852e-02 8.633978634669577101e-02 6.496137743030983014e-02 7.215455967123757253e-02 1.064956276187209727e-01 6.156393909790572327e-02 1.022592432095986575e-01 6.440472335449251573e-02 1.169739051078315661e-01
8.915122992721323525e-02 1.988098445521927285e-02 4.873145989877421258e-02 1.157320206030138382e-01 4.682419702060193478e-02 2.526792204879789450e-02 6.317741260746838339e-02 5.250482334362962383e-02 8.273514247532327837e-02 5.838451145506442369e-02 3.487863638421595525e-02 5.513701265677124069e-02 5.601416098696727908e-02 1.206307816194698707e-01 1.309497045174695673e-01
7.689485045777781635e-02 1.025777790890188695e-02 9.038910095138087686e-02 8.369150161694176304e-02 1.018602932356611618e-01 4.284566015704505126e-02 7.260747730010055564e-03 7.544627651356314302e-02 1.529275506910731004e-02 9.366072496314864493e-02 9.796362220942358978e-02 5.038945770616273800e-02 1.163835706516797019e-01 2.142950450523626454e-02 1.162341563239600722e-01
5.752859639590116730e-02 9.429629832020496039e-02 9.303898996567945556e-02 1.212650515599162787e-01 1.202847666324783765e-01 4.954752496805883526e-03 1.973846529249518363e-03 6.714376483440204213e-02 4.186842184407391781e-03 8.125672876911803344e-02 6.610715026994741506e-02 8.237812999521881840e-02 5.454409115495509330e-02 3.367400272511858472e-02 1.173669881665970610e-01
9.289896883889942059e-02 8.066894181490663444e-04 1.267037503769612161e-02 8.057945995930868022e-02 3.674234114315604038e-02 5.199673555810526565e-02 9.969309642642425195e-02 4.517525176812327292e-02 1.180973130035624236e-01 9.190178179161914707e-02 7.040443328950229951e-02 2.308410285398162023e-02 5.224799455448756597e-02 9.731416383970890871e-02 1.263872925172760397e-01
9.500059742635775725e-03 1.738108013865490020e-02 9.545475256135901865e-02 1.075453835823007992e-01 1.145037697427364436e-02 1.069825673380070813e-01 1.014767558796491331e-01 8.877029816966922060e-02 4.384544698303458055e-02 5.733912750986459861e-02 4.725190803865026573e-02 1.084076096914659143e-01 4.234866767621218303e-02 4.160736951759747004e-02 1.206385961966253834e-01
1.144387383043694445e-01 1.204949666032310018e-01 1.004523416068109354e-01 1.081157653621258978e-02 1.130851293997093068e-02 6.929635498233428781e-02 1.065021065200901368e-01 1.099868255992314248e-01 7.921865316521510547e-02 1.188941044403988428e-01 1.889329958196138068e-02 2.756281607865122829e-02 4.135962032256617488e-02 3.194438620224295672e-02 3.883569711671341906e-02
1.477340022212176793e-02 4.681519679748281926e-02 3.713632930655561427e-03 6.707610412331073413e-02 1.179706954824192577e-01 5.551930397692863423e-02 7.784900571886900489e-02 7.630975799264405612e-02 1.164179484026817285e-01 9.161464508550409835e-02 1.028777623768476479e-01 4.188962064953710707e-02 1.131856977291672145e-01 2.310066455845396008e-02 5.088656395337626953e-02
1.133566146676151104e-01 5.125687900871694208e-02 1.362111435437304008e-01 1.322947641916494832e-01 2.538094930052620796e-02 3.546885728902021695e-02 8.059969398245013517e-03 1.319973257085735874e-01 5.214358167510908110e-02 6.044748602453303699e-02 4.155893114991728726e-02 1.894183865875826225e-02 7.023791029413742337e-02 3.607927227997072966e-02 8.656447680949697077e-02
2.024000844930163787e-02 5.104668199320386290e-02 9.466189620786506775e-02 3.711644310704768912e-02 9.525015601009770294e-02 5.710294951090887777e-03 5.478173065272190501e-02 5.987178966435276889e-02 9.600222274172527659e-02 9.235198611396287782e-02 5.099865333562165343e-02 7.581191169508118277e-02 9.741487187098830935e-02 7.351746137570897011e-02 9.522389183123020073e-02
