1.467286635741113232e-01 7.528970608306310985e-02 1.031270843461181697e-01 2.810657738104872100e-02 6.829724278829847617e-02 1.353563315102987719e-01 9.020879045540991514e-02 4.367250698911263190e-02 1.918928372794984766e-02 3.623391421700106196e-02 1.953361337044010743e-02 3.653478545251897386e-02 5.994519454450800838e-02 6.704105303138928156e-03 1.310722002569819356e-01
6.299453180527765650e-02 8.850974249189848264e-02 9.923711263815115924e-02 2.072339609703324412e-02 1.290241426965360247e-02 2.441907595857680316e-02 1.538513767290383971e-01 1.630441164971006829e-02 6.593446084032282550e-02 1.365100099860872551e-01 9.114719133685834918e-02 2.735258421179814509e-03 1.386378908991758863e-01 5.992716006284613817e-02 2.616596681419030776e-02
5.377165038192128349e-02 9.475159163597707268e-02 6.019401043525090395e-03 1.025914297083493493e-01 9.729653161595801236e-02 3.648684076281798194e-02 6.793905203270238224e-02 3.086073962026955955e-02 3.401569631695086117e-03 9.312044333082884762e-02 7.102317848267650224e-02 1.342867264396419291e-01 3.174433954324739487e-02 7.026439830777130024e-02 1.064421074626181740e-01
9.153485152496577265e-03 4.759766103669198917e-02 9.189517984273443130e-02 3.282760103226874115e-02 4.875508971375865086e-02 7.733838674701461191e-02 5.484426584113823860e-02 1.174456708799860999e-01 1.151818705927842301e-01 1.117119548727860956e-01 5.709940617600876844e-02 2.546808391681573691e-02 8.557628727400208579e-02 5.735174485645217618e-02 6.775331206506161885e-02
8.377791668103343192e-02 1.209525460053692686e-01 1.040063223643450802e-01 1.585563032815118581e-02 1.167730763582519177e-01 8.712565058493988712e-02 4.110392954718125602e-02 9.393617292908672256e-02 6.111879640795513796e-02 7.219418920448593402e-02 7.358293045226413365e-02 1.949377670352741426e-02 4.658019377360487351e-02 5.607074950944356678e-02 7.428119150360213384e-03
1.006263853051673485e-01 4.543831063903430029e-02 6.630071124116010406e-02 1.318161455966096740e-01 1.206806578706643013e-01 3.797077053692014814e-02 5.565301267155779719e-02 7.942331212973170740e-02 1.661253752652540674e-02 1.106999545552419251e-01 4.501385386825851320e-02 1.607678707743707622e-02 9.832771553980819423e-02 7.159185747883330120e-02 3.767987963050258016e-03
7.207764361951242427e-02 9.787486958625087052e-02 3.975741846412653158e-03 8.421952073131622196e-02 3.203653962984135545e-02 5.574734211418845564e-02 9.242731066004875734e-03 6.816434754565636744e-02 1.202390651012312517e-01 3.903880183417929306e-02 8.137451866409486229e-03 1.086352791787576072e-01 1.213615849847052980e-01 6.289312930758893250e-02 1.163559515879448447e-01
1.089580623660195563e-01 8.807861230472022185e-02 9.968719644218136666e-02 1.942646087176968031e-02 1.013913763482870989e-01 4.984103904150089664e-02 3.437758607105513564e-02 6.737475394727931999e-02 1.028248359482573093e-01 5.194267891219624816e-02 9.325508912637016021e-03 3.444848406703968774e-02 3.421257285635566359e-02 8.358573203487702774e-02 1.145250998758238492e-01
8.651308603854487855e-02 3.988167745929665359e-02 1.105702449175753471e-01 2.323071785883950094e-02 9.691444216555473654e-03 1.020593010548064422e-01 5.908869369226315421e-02 7.089148449224812187e-02 1.163406291174120220e-02 7.543300490883697584e-02 9.531882514518501270e-02 1.545042828583510497e-01 3.376233862380023480e-03 8.126068577621009537e-02 7.654625480716603647e-02
6.655885003116444876e-02 9.083746689528836293e-02 5.302561722855000242e-02 6.096277828350075978e-02 5.350703338844939316e-02 8.479726874324709784e-02 9.656147882737819987e-02 3.435375271923788582e-02 7.712662688654532694e-02 6.971193602553585333e-02 3.974399551015408982e-02 8.554830519656159149e-02 7.400243953167705280e-02 5.236979974497901064e-02 6.089265098773095214e-02
1.185210743154784668e-01 7.995625923843059646e-02 7.929692421575043615e-02 4.754133656996176183e-02 9.765866709187993877e-02 1.089594168210275549e-01 3.865494675095331595e-02 4.076832778980239019e-02 8.408120320839365669e-02 3.607753543544040681e-02 1.020595601179640106e-02 3.598313059256268848e-02 8.706403885435105849e-02 6.278214550029434515e-02 7.244903760387695624e-02
6.758856555930246868e-02 5.775273471854253104e-02 1.037515976618478691e-01 8.749328160671658583e-02 1.039759121351559040e-01 7.483128524251951574e-02 8.652739947121959596e-02 8.109531438429183614e-02 1.015707739074599020e-01 3.674437139998333601e-02 3.501417368790433332e-02 1.286645111197829480e-03 7.318399150047082136e-03 1.037916161814110144e-01 5.125792978240003434e-02
1.909421380621018419e-02 1.693525577431471973e-02 8.125090041585920908e-02 1.022702122668071173e-01 1.309365706342874580e-01 8.970331521502225569e-02 5.241475392246310733e-02 1.100100558442074911e-01 2.946328968244369198e-02 5.224036122762154566e-02 1.898332975144661691e-02 1.068519778865054531e-01 8.471246580911101498e-02 6.898698752881429752e-02 3.614631023488584782e-02
1.110573688171579976e-01 5.218768983831215819e-02 1.200884007558777333e-01 3.577687905063434148e-02 8.388316385395065689e-02 9.707664261054409216e-02 2.228192243346079071e-02 2.396700989651892252e-02 1.006537339346032789e-01 1.177001685855759427e-02 6.296653220361318748e-02 1.090227716009623503e-02 1.268608619435153406e-01 1.099394629347296565e-01 3.058803770842801265e-02
1.157797041829432411e-01 1.026155471986752582e-01 1.488693846652420529e-02 3.663882757127585876e-02 8.810881574265751193e-02 9.707306271111396101e-02 4.717023420302360326e-02 1.770615909752371389e-02 6.793289713611641578e-02 1.048764780751926945e-01 7.153643208086882255e-02 2.668597476876936880e-02 4.177827234867417111e-02 1.039683186977618107e-01 6.324233771887932676e-02
