8.981533450003632846e-02 5.082557489545014989e-02 9.034051239029478042e-02 6.639033769973555488e-02 6.480332378930321602e-02 2.006985673502173842e-02 9.067395149771445562e-02 5.786506606575526424e-04 2.349637475845983009e-02 4.038235982513087990e-02 7.238715394337641440e-02 1.836049973286838291e-02 8.015267264727761465e-02 9.133581737058868444e-02 1.521726127087025086e-02 5.547889611894067652e-02 8.346064777945618341e-04 3.590378254941791608e-02 4.101476722480454536e-03 8.885155641458065967e-02
4.272394298843447402e-02 9.295967914073532956e-02 7.702476301236557688e-02 8.485974813488757207e-02 1.696289458715039694e-02 7.341794741561331016e-03 5.884740364846686306e-02 1.645417671365419915e-02 7.184026906942031498e-02 4.001024040870387877e-02 5.171275908264576920e-02 9.184240022676576354e-02 5.110417689114679640e-02 1.059838005237228459e-02 1.549920852621450122e-02 5.340682354238295709e-02 5.136944231952931400e-02 6.245886312267911328e-02 3.932958917552915878e-02 6.365344461535461795e-02
3.842173894157879799e-02 6.039793867708639907e-02 7.428831718932418782e-02 1.732549457969257897e-02 3.635745534883786517e-02 4.864750283146977716e-02 6.647251975670592783e-02 2.455735239203885381e-02 5.370145744615231753e-02 6.049616924068415558e-02 8.668861620695757220e-02 3.512589001478134965e-02 6.171844605893817698e-02 1.853288896382423653e-02 4.818875126895843380e-02 1.766155115715932478e-02 8.890368636993443985e-02 4.180235518514791027e-02 8.036601234070733790e-02 4.034585603002031895e-02
8.480058032665357959e-02 3.794699156461869144e-02 3.104321454748728767e-02 5.363041668586886190e-02 7.924912196340706816e-02 8.070866494469632058e-02 5.583785541742908309e-02 7.935902463238145646e-03 5.598581792982235822e-02 2.300802768903108253e-02 6.867091333539190878e-02 8.386168546596591000e-02 4.824947858241435822e-02 5.657606902180838809e-02 6.099243876209150227e-03 5.062483840842287725e-02 1.210954649210349739e-02 5.760711079535765083e-02 3.408739392137014046e-02 7.196712656870390967e-02
4.846814078723872543e-03 1.096687898989993394e-02 6.830930956668980480e-02 5.139538825063855176e-02 5.708640664732645559e-02 8.425597401057888236e-02 4.870744244254920918e-02 8.090428058752341389e-02 5.095498114291330954e-02 9.254605591853261315e-02 6.660208980844170568e-02 1.485246040069004327e-02 3.640574640781167604e-02 8.645976545929294488e-02 3.498089008665886818e-02 1.887687264596044773e-02 4.719786492887385887e-02 3.922470797726320541e-02 6.180883195839885491e-02 4.361723869123233094e-02
2.354077874775782619e-02 3.721384636335035856e-02 3.780586362407832579e-02 8.141782003720002270e-02 8.838241229307480795e-02 5.625929294270774067e-02 7.504993232739615508e-03 6.613221664360952046e-02 6.123198989596803643e-02 7.452499149499978992e-02 3.134756790277472976e-02 5.312248233710144436e-03 5.519945934667915000e-02 1.118878029168418088e-02 6.852586527652421156e-02 7.167403391511822930e-02 3.686690650203933162e-02 8.515079171142185543e-02 1.567866722413550559e-02 8.504147432042657995e-02
4.728136187148342107e-02 7.749984674294300990e-02 7.646649541823391516e-02 9.966481270829345707e-02 9.885914023764276470e-02 4.072191231173617754e-03 1.622256718831878225e-03 5.518383623862123388e-02 3.441064319689578817e-03 6.678293993105972881e-02 5.433186780181227526e-02 6.770459247424909233e-02 4.482846920340218672e-02 2.767584833029385766e-02 9.646108869199467029e-02 7.397279210374957392e-02 6.423437134648668024e-04 1.008905728722765856e-02 6.416311950393195629e-02 2.925687547190137031e-02
3.690365818050641428e-02 7.075521018748909263e-02 3.206224451544951309e-02 8.381724014673035128e-02 6.522547819617363629e-02 4.996815882036760581e-02 1.638348700131421476e-02 3.708198430074732127e-02 6.906680967402789584e-02 8.970088970691510177e-02 6.668050769011467371e-03 1.219970483603001823e-02 6.699927721148986326e-02 7.548563873563925164e-02 8.036969983053277380e-03 7.509060045248697191e-02 7.122609524688602867e-02 6.230748763811579799e-02 3.077492925236693586e-02 4.024608514519926322e-02
3.381944576678311276e-02 7.759020595884172367e-02 3.031006639138650316e-02 2.977949960767525134e-02 8.634424790032588226e-02 8.493145741821699068e-02 8.942612682388381695e-02 7.455136171676318702e-02 8.023882173245471330e-03 8.392686772463530537e-03 5.142874265850812948e-02 7.904123427858587847e-02 8.162744131363178224e-02 5.879264109095019841e-02 8.823803650910425067e-02 1.402178574065686238e-02 2.045592405854698703e-02 3.069531248166102594e-02 2.370773495659280958e-02 2.882216638217673793e-02
1.076747890815415651e-02 3.412089542820126442e-02 2.706652744273760174e-03 4.888790160219266823e-02 8.598203232084319914e-02 4.046481687213921569e-02 5.673964791419600778e-02 5.561777907037130514e-02 8.485032457723680477e-02 6.677262808862820254e-02 7.498166433290523458e-02 3.053092720923322040e-02 8.249452358155132115e-02 1.683674134983757786e-02 3.708828000584173112e-02 6.703924990419993235e-02 3.031338516283699561e-02 8.055544811866871546e-02 7.823929625692112311e-02 1.501032655176771577e-02
2.402588918721289268e-02 5.459660852240299893e-03 8.941232852924090035e-02 3.532101147048717638e-02 4.094590894307181123e-02 2.815118249823110944e-02 1.283081980648615242e-02 4.757774505441253465e-02 2.443937200148248168e-02 5.863703221185691955e-02 2.111244311189438422e-02 5.324702172590574378e-02 9.874224625739026762e-02 3.871632739562649861e-02 9.935586268155137402e-02 5.956434139295225562e-03 5.714306764613127920e-02 6.245253090986573052e-02 1.001403468445697525e-01 9.633276873304748300e-02
4.943169124237143525e-02 7.348254838697104718e-02 9.442174555182634987e-02 7.125859633451661623e-02 9.229808459688358668e-02 9.084079171023387578e-02 4.661240920225349915e-02 6.384673424110944018e-02 1.740098818708184572e-02 4.228332389452604118e-02 8.380009752612434248e-02 5.584892375205875725e-02 2.703796936620971730e-02 1.188022628802049181e-02 2.243268202719340965e-02 1.209340329496104774e-02 2.261895361565832013e-02 3.711250957381372062e-02 4.150560760326929208e-03 8.114776044785952658e-02
4.677665212428307184e-02 6.572299714761191403e-02 7.368861649836389027e-02 1.538817834317860594e-02 9.580700523666860896e-03 1.813240909292851769e-02 1.142424925125535562e-01 1.210685705526110857e-02 4.895969934761151832e-02 1.013656434234604248e-01 6.768143740553193843e-02 2.031068855834001780e-03 1.029457035077407934e-01 4.449897219207736565e-02 1.942956463183638863e-02 3.905830321212572231e-02 6.882504757923102456e-02 4.372333552039071522e-03 7.451969839224820147e-02 7.067362460241602418e-02
2.453739626896004819e-02 4.568900477573611257e-02 2.075384388958716186e-02 2.287555190977748950e-03 6.262348756372058955e-02 4.776307946306049268e-02 9.030780827888926221e-02 2.134806473743387431e-02 4.725279988161607686e-02 7.158230517932552550e-02 7.328664503438209882e-03 3.810868571640685376e-02 7.357513901323500805e-02 2.628315558611045086e-02 3.903537170754176056e-02 6.192035932362145723e-02 4.391062175672533902e-02 9.403193482275794268e-02 9.221944127179998452e-02 8.944128106905614717e-02
4.279665183718330684e-02 1.908861743655208831e-02 6.414039684922424878e-02 4.298578253704912061e-02 5.078187500455640796e-02 6.536408992401607221e-02 9.436798391315791290e-02 8.114642708975745855e-02 1.237066863953015586e-02 9.110713379093565711e-02 6.797601426643837264e-02 3.206956025633216079e-02 7.328962926867338412e-02 4.768529300707279039e-02 5.632638840996349178e-02 5.740989360318244500e-02 1.520917473108425282e-02 3.634217816716477090e-02 4.374677311439967298e-02 5.795468153726135788e-03
7.652036063815802203e-02 3.455312348091479219e-02 5.041773406998674434e-02 1.002383119337443840e-01 9.177043808448503981e-02 2.887450489632832282e-02 4.232079476285127706e-02 6.039668888843580802e-02 1.263284335206443440e-02 8.418070886185181900e-02 3.423034943833569432e-02 1.222543710913951039e-02 7.477235946629956498e-02 5.444133500793273128e-02 2.865329972237788767e-03 5.950320650078385482e-02 8.079993023872068802e-02 3.282146532560300655e-03 6.952685023842702927e-02 2.644754652674216958e-02
3.759142541282665950e-02 6.232538131896122637e-03 4.596443326980374777e-02 8.107934254879127500e-02 2.632455919332819111e-02 5.487228687244337204e-03 7.325470308674136843e-02 8.183627769356635606e-02 4.240995695369233209e-02 7.846088996489501699e-02 7.847219720773020157e-02 6.343470216403881978e-02 7.179526845859396378e-02 1.399104421898371246e-02 7.302262822220781380e-02 3.589579109404752305e-02 2.475892701387536268e-02 4.852366923351289496e-02 7.405501372884706890e-02 3.740940371537720271e-02
8.978569222781772677e-03 3.316688683838801832e-02 3.293975230284686140e-02 8.047606711254697009e-02 1.102643884225629478e-01 6.351568750638643401e-02 2.928010407126829112e-02 8.117783615487186855e-02 1.705539686116019568e-02 7.115209623548264181e-03 7.492931959483169202e-02 4.338140246258517102e-02 5.204670856230163289e-02 8.541430414383391345e-03 5.538097629903931951e-02 6.998063516888144986e-02 1.134330792922714493e-01 2.478744254434141463e-03 5.965951003085073756e-02 5.619829580405941855e-02
4.891997831217838322e-02 6.676447847836990135e-02 3.897321007793794895e-02 4.480693086017281668e-02 3.932704533937024516e-02 6.232500330022657659e-02 7.097156047340698326e-02 2.524960748540827291e-02 5.668717101955107057e-02 5.123745973484208210e-02 2.921137305535922990e-02 6.287700633198865796e-02 5.439092975979708394e-02 3.849119187813403176e-02 4.475538811587142368e-02 7.425857835360717696e-02 5.009605402085792747e-02 4.968295211703407238e-02 2.978670322645449522e-02 6.118737805943189750e-02
7.242921588547586442e-02 2.569532368060601854e-02 2.710016353728860947e-02 5.589177876286174906e-02 2.398202632601769899e-02 6.784263470409977043e-03 2.391927205525415379e-02 5.787457614977147696e-02 4.173353440082492455e-02 4.815946283858493077e-02 5.199303792318107215e-02 4.442674735793854940e-02 7.981173601161942188e-02 6.730489796547359238e-02 7.998429169202056488e-02 5.756455724808919733e-02 6.656188550345951138e-02 6.238321114353726632e-02 7.813412011272626023e-02 2.826589793485920210e-02
