3.950990766226113171e-02 1.451847185960781529e-03 8.258063641062513352e-03 1.171182049873997072e-01 5.783932217600483427e-02 1.481372363780905990e-02 1.313875508687947433e-02 6.303628922874093821e-02 7.934354754149723632e-02 1.015835577806270956e-01 6.959386411387209759e-02 4.066455351508646565e-02 8.534829352994899310e-02 2.285828760723720987e-02 4.052925571167570462e-02 1.472769727611759720e-02 8.289818510616885072e-02 6.572185008033035181e-02 5.352166778002955677e-02 2.804312635129051906e-02
8.267407358888438640e-02 3.884991114123988176e-02 8.939701513736025840e-02 2.663326497751301175e-02 6.244486912658184924e-02 7.226644733641486573e-02 1.658725859063524960e-02 1.784168273563670193e-02 7.492932972332173869e-02 8.761915127926778873e-03 4.687396948516676237e-02 8.115946504226527469e-03 9.443861625368447921e-02 8.184187457162252211e-02 2.277055279969365797e-02 8.264729693640936181e-02 7.325029597778551227e-02 1.062677809206338461e-02 2.615397994885567193e-02 6.289492194497746380e-02
6.993786731853515737e-02 3.398456264734285581e-02 1.275669038452734855e-02 4.894336094667642995e-02 7.555996487188529342e-02 5.153958632378040361e-02 1.922634467811314488e-02 3.009983600717969568e-02 7.490566667350802288e-02 4.556397110349520024e-02 7.568372521759895999e-02 1.740799888552624353e-02 6.774049539958774957e-02 7.907981980130540656e-02 8.777136299884757964e-02 2.950498950309005455e-02 9.021353807630037858e-02 5.792496905952496111e-02 2.909356531006901739e-02 3.061684793106306604e-03
5.677995046835883353e-02 8.110324183630630845e-02 4.907703805846636014e-02 2.565172287240099699e-02 2.817014504677030351e-02 4.191596794383504326e-02 8.405591270784720792e-02 3.677971643663254658e-02 3.307731502779430455e-02 4.224602459472592136e-02 1.894020909438523873e-02 2.483710851003560413e-02 6.920180575341254581e-02 7.627449686534686080e-02 3.162663756429688611e-02 4.118352285953782999e-02 7.718273448069688791e-02 6.094414928391091862e-02 3.910437832275825976e-02 8.184792227248112451e-02
7.866518334324450190e-02 4.109233224583278693e-02 1.718358256979230295e-02 7.427633609701869699e-02 7.974599743633863091e-02 5.969744415665285270e-02 7.155171903917691145e-02 1.689661030330651473e-03 5.513696359097119276e-02 7.169670938272347527e-02 2.539587195737752143e-02 1.380341027655820549e-02 7.910938338617365395e-02 6.950404637843429767e-02 3.182453737812038913e-02 5.132097016252788052e-02 2.024847407759912746e-02 2.943436924522290291e-02 6.099833553603842967e-02 6.762467270986564916e-02
8.514686689983129442e-02 6.378128139535919894e-02 7.738428714370972072e-02 1.834906321251227046e-02 6.960857259002588282e-02 9.494699191083423584e-02 8.796953127338508205e-02 7.591885236937824522e-02 8.644210541281174831e-02 4.405192310737462980e-02 3.075609909835572489e-02 6.184193796062279619e-02 5.667504169411156228e-02 3.906654589919491584e-03 2.612681870998556991e-02 5.657469490053143590e-02 6.282243494356545138e-03 6.074361397555112438e-03 3.643307555809536386e-02 1.172959728124410919e-02
3.968338472781040432e-02 6.457777950706430903e-02 4.518699588085631907e-02 1.777006070888781852e-03 8.884739663752228012e-02 2.401150524011362933e-02 7.070456242136461626e-04 4.234751272934215993e-02 8.139237947946816043e-02 8.933760041043645184e-02 1.274446233688807800e-02 6.611761353613148165e-03 7.987076238196308409e-02 8.078325658414622912e-02 8.754297944950469035e-02 7.563941132058303596e-02 8.003094847595751404e-02 7.824839373852879310e-02 3.809276382045514043e-03 1.685014166905373853e-02
4.493771509373840553e-03 9.348759733628360749e-05 1.006978129052189946e-01 1.030453425670214834e-01 5.728123681202185874e-02 1.525892887033038735e-02 1.404105192503465882e-02 9.398623188396783290e-02 9.462915165733926104e-02 6.029538047542357115e-02 7.447782020966800531e-02 6.182646543825595642e-02 7.351254835026918566e-02 1.008756203903467125e-01 4.483342603169665486e-02 7.960933260836416600e-03 8.033317134251934111e-03 6.744865240804805151e-02 6.071704338532660054e-03 1.113711623502629082e-02
7.407177924689585524e-02 7.868047936679575804e-02 9.523584429995356898e-03 1.853167737524935577e-02 8.309795535794113619e-02 7.714094618921069069e-02 5.269333336770046228e-02 3.975646106517609357e-02 6.625341318803620871e-02 4.091450705543007993e-02 8.183991075170880813e-02 6.444240600248914153e-02 5.343631942093199361e-02 9.401254519862164982e-03 6.042725130231572928e-02 9.853274709657333305e-03 1.227272682653314517e-02 7.234472128171368088e-02 4.809493029989449220e-02 4.722306824246254309e-02
7.692331909426600167e-02 9.310182976986515480e-02 1.042751055598159921e-01 7.117357223082832092e-03 4.427301617727522585e-03 8.542195615924827456e-03 1.077143393409263350e-01 5.882350511445467306e-02 4.136389092183555966e-02 6.710294188338435106e-02 1.335536766076252449e-02 4.282043561660728997e-02 3.260859083102167488e-02 7.432406910572612879e-02 1.724456814127900070e-02 1.071691949078416167e-01 4.532525844037707703e-03 1.133546739118471668e-02 1.820148699518209234e-02 1.090165073650740113e-01
3.361767089343892928e-02 8.940506686324138641e-02 8.824924521239239927e-02 4.926129243358186305e-02 3.878500119987897399e-02 9.699829658049842485e-02 1.067350349393406464e-02 2.855653181279867517e-03 5.279511399682570993e-02 4.206540335188248270e-02 9.206215378083457135e-03 1.123198170914318020e-02 6.516583995010083452e-02 1.243019431552858378e-01 9.105411906385976750e-02 2.341705644150513313e-02 4.660539232686364969e-02 8.863847704892717505e-02 1.007729886832765993e-02 2.559542885094921727e-02
8.678921780431475552e-03 5.872974909250686104e-02 6.800485960235549965e-02 1.076205320135719679e-01 3.977033802858929989e-03 1.722667104098264332e-02 3.458053566328341683e-02 5.163886225454459439e-02 3.794368861534215542e-02 1.235241100893078037e-01 4.415096565283016528e-02 1.131955615445658786e-01 1.238935699747743813e-01 3.640713523340174951e-02 1.927616061524198982e-02 1.063606650050778618e-01 1.819823607884960394e-03 1.564887529539409419e-02 2.444801455116991235e-02 2.874264564473705697e-03
7.161249164481121865e-02 1.859535654219411985e-03 3.080884193259204179e-02 6.274723390556612157e-02 7.570088063357093000e-02 1.373659637009393142e-02 6.073412257805440445e-02 7.994032712609308589e-02 5.198340821711232990e-03 5.219157937815473852e-02 4.169909843890332035e-02 8.133733279848089776e-03 6.548304210566661954e-02 8.704760238148369703e-03 7.714369367944017009e-02 5.669447404021162040e-02 9.736717038382071421e-02 5.388045240861256968e-02 9.606375754772421283e-02 4.029986783275730372e-02
4.431584139868835481e-02 5.585359702664961096e-02 6.412042176190861642e-02 2.833177711332683646e-02 4.536146970084423830e-03 6.484478801467408182e-02 7.042159283655134716e-02 8.152416260876978182e-02 5.636397061272160197e-02 7.401590989970217860e-02 1.689707268288062614e-02 3.183008905259555876e-02 3.700994876809047401e-02 3.114191092479299053e-02 3.034436066125241818e-02 5.964787112674985875e-02 7.742237324216259819e-02 4.878179626207001379e-02 6.767116831082492512e-02 5.492520072550375471e-02
8.373471439584918852e-02 7.117958920326318550e-02 1.637493334670358722e-02 1.021771236333485489e-01 1.995763859109771221e-02 3.268069114059275054e-02 6.344845361766757175e-02 8.046527725711848100e-02 1.102156243137831781e-01 1.737573588113455747e-02 5.781407211947425448e-03 7.277614407955870779e-02 6.807994038032814943e-02 8.657676237032674305e-02 2.168521529214923957e-02 9.298996521187832820e-02 7.616790898991403908e-03 1.533570927487264667e-02 2.111322270671507628e-02 1.043506119267320446e-02
4.270265086289452665e-03 6.403058238341763353e-02 9.657852145127586441e-02 4.150160811021885027e-02 1.498238756017053475e-02 2.921520166713853159e-02 2.415540769108717734e-02 7.072258293754360436e-02 6.146416678030509895e-02 6.042210304156176576e-02 9.731921823834302487e-02 2.727001247285850208e-02 6.188593601281863754e-02 3.914729480988490135e-02 7.286696840398661223e-02 3.571960638712232128e-02 8.191272556912597425e-02 2.734371751886721311e-02 6.842224016138152842e-02 2.076945371660276693e-02
7.438235725984052027e-02 5.069407485072396219e-02 2.315402888373858242e-02 7.258350549242879868e-02 1.139279941921762102e-02 6.970351108631998860e-02 7.480846557080932102e-02 5.252605280835609403e-02 5.212482454479323152e-02 7.421799410698624866e-02 5.534906990554920581e-02 7.295545470728244213e-03 7.215709457209521817e-03 9.345692811535079303e-02 4.822083263437606376e-02 6.493672369615638429e-02 3.564489355797804959e-02 3.494945047828686840e-02 6.696224951903663458e-02 3.038098314211382794e-02
1.191927876610786481e-02 3.889904463696836762e-02 1.393885163752049683e-02 1.148303742405597933e-01 9.990281321516836233e-02 7.490406075937094954e-02 8.514624345505131600e-03 5.155685057980402553e-02 1.052170988882345087e-01 7.246586920751930949e-02 4.620465225616247201e-02 4.387239131961738481e-02 2.071587336580546501e-02 3.583726865063991220e-04 6.336919967905016438e-02 7.847194641255599012e-02 2.434245253079466917e-02 6.895520812395024290e-02 4.801094644790357413e-02 1.355009090089492364e-02
6.642628344022857845e-02 1.035002092854421935e-01 7.521183957027416378e-02 4.943520441415701072e-02 2.923275709807955387e-03 3.192846011717724586e-02 7.543231438547043366e-02 8.568329195112842078e-02 4.096819584546134568e-02 2.518047296505965607e-02 9.605227201102894963e-02 1.134284275018745611e-02 5.191679188971582565e-02 7.682555308008687245e-02 6.326555658515925495e-02 6.825443576964754233e-03 2.593950999313426528e-02 2.165222442272991127e-02 6.382960458623210265e-02 2.566065342055360438e-02
7.067731440548892519e-02 8.045566693526243901e-03 3.723364253589893369e-02 8.322891127919597454e-02 8.972300142225768382e-02 2.940284471922056247e-02 1.936248368260564193e-02 1.939919555832655962e-03 6.593232487743193315e-02 6.842239769217614044e-03 9.403973746477528595e-02 2.829760831542144778e-02 9.077793268737616161e-02 6.824476395241230176e-02 3.889168965944687917e-02 3.032064745606233985e-02 6.327337643343675100e-02 8.774974141626391833e-02 2.518316999819711008e-02 6.083308367593176502e-02
