7.826314447084767312e-02 4.653881082467519262e-03 9.866701125421517560e-02 7.814242583456344760e-02 7.545800619235346063e-02 5.929666079342702650e-02 3.673539652133074596e-02 1.111620637488967972e-01 5.378942942207984995e-02 4.789675630963398378e-02 1.114964570707795838e-01 9.498350546429737418e-02 2.415773591311127372e-02 9.218969878825866715e-02 3.310782713373752045e-02
1.358256492096741874e-01 1.476971314148502745e-01 8.547947903180716511e-02 1.464148951746979954e-01 1.377488152853587923e-02 8.738355642456197003e-02 1.129146182700584665e-02 7.404481163072382244e-02 1.669525975611585791e-02 2.199263048117342662e-02 1.032085718182656348e-01 3.908933249274833960e-02 1.849651966037716214e-02 3.810250143963362507e-02 6.050331810982882697e-02
5.715412890681167979e-02 2.464892443695827773e-02 7.824469386650041713e-02 5.902132177984694555e-02 6.172966480746987922e-02 4.727042339508741309e-02 9.696637655222993535e-02 7.086472960188706927e-02 1.982959212446424452e-02 8.561770305911171886e-02 1.178485500052465912e-01 6.109086555473765973e-02 1.086812838641236373e-01 4.173824949277010060e-02 6.929349255275443764e-02
5.562712356617501713e-02 5.682428569850452721e-02 1.010365140796895683e-01 6.968635444951760960e-02 1.240894342669700279e-01 7.080580140880181339e-02 1.068120103471898938e-02 4.766405438236327036e-02 1.107024043864509866e-01 5.285960799922036213e-02 3.539243727760557623e-03 3.215972081796718979e-02 8.736015606281894233e-03 1.293080356077021820e-01 1.262802029678761484e-01
1.098297110289851997e-01 8.259507750554817562e-02 1.049852467059870370e-01 2.322497712243418860e-02 4.021533399802833253e-02 7.192441465014590141e-02 4.894412121560334783e-02 6.269109901702411662e-03 1.349307491111002844e-01 6.057279275543946129e-02 6.917044044233013056e-02 4.440372207360541307e-02 3.564810176006123765e-02 5.309785801632513347e-02 1.141883437127037826e-01
1.090952441811371409e-01 5.615233755402115889e-02 1.927567288068875867e-03 1.180772773947861704e-01 3.989026681903483362e-02 8.628219095314711151e-02 3.783505093590728858e-03 9.805684376045434303e-02 5.738328020557569020e-02 7.360516338168317241e-02 6.143798370730244734e-02 5.195603487268644211e-02 8.158711813889388265e-02 1.440656306293669198e-01 1.669955602025130839e-02
3.882703038645079346e-02 5.180644106381369733e-03 9.152143441724155948e-02 8.149579704366632926e-02 2.660316604711174954e-02 5.165477398886807181e-02 7.980140386457881818e-02 8.198772975533800966e-02 2.112989828289555533e-02 1.092769551056990973e-01 9.643072325345432294e-02 1.660304074448262085e-02 1.076984317933434160e-01 9.280775715282947591e-02 9.898121405765887559e-02
6.729503448540440080e-02 2.735147797980168674e-02 1.137540238077432431e-01 7.333155759831810894e-02 4.288266602045829462e-02 3.266980958925910089e-02 1.131913378285839406e-01 5.198557151782690067e-02 6.690443686507886734e-02 7.535749591077339771e-02 1.023336684823444864e-01 7.723028315504344710e-02 2.188636310478845465e-02 7.322910315014746763e-02 6.059717050442831737e-02
1.207494410148367003e-01 1.541623004588986157e-01 5.417254821921720781e-02 4.112940959525140244e-02 2.437062178574099514e-02 6.039794058630429396e-02 2.258932201467369651e-03 1.387000467786556335e-01 6.505089387937799950e-02 4.127472980694690818e-02 2.099984607626250582e-02 6.253489434023264126e-02 4.736563375675874321e-02 6.294214551179236339e-02 1.038906159882568153e-01
7.121946712831567217e-02 1.095338561470899363e-01 1.281192746512580527e-01 6.333720100402604782e-03 3.008450193632744921e-02 8.337863894358031602e-02 2.092744148256997852e-02 1.127783173101595815e-01 2.817720569006853734e-02 9.613776928569883751e-02 8.463701916247416690e-02 1.035423650189554734e-01 4.049950151090587168e-03 2.975474901071780559e-02 9.132572398129104596e-02
1.645281006332032642e-02 5.747699131426339640e-03 6.710489795421488435e-02 1.108187875741124262e-01 9.812539915103706684e-03 1.233806386407842147e-02 8.173780764556229372e-03 7.424799094506803754e-02 1.255960268240766120e-01 3.720887506841033532e-02 1.646486111374824701e-01 8.124499562608163139e-02 1.164293191923853193e-01 5.457057013700748055e-02 1.156050318026758950e-01
1.208498340866103332e-01 5.677338495478354008e-02 2.623779920262734808e-02 5.390345477461513241e-02 5.633740353496965308e-02 6.432637571417225419e-02 6.662204404047068762e-02 5.376718119344735432e-03 2.083553894272138080e-02 5.705375301918056558e-02 8.971562389351893374e-02 9.853760607893166656e-02 9.847615739210840990e-02 6.371320095186436272e-02 1.212411052940810946e-01
4.697224512564005666e-02 6.814390524148784822e-02 1.059222397389459058e-01 1.214156066481472812e-01 5.866122735512004777e-02 1.201198393612136484e-01 6.292301698689634071e-02 1.013043402376173213e-01 1.195751847586205971e-03 3.566921408502017610e-03 1.331080752769183417e-01 1.445624814399573688e-02 9.369260698548459443e-02 4.009145239892384499e-02 2.842652324352070575e-02
4.296620975326394948e-02 1.024439362762811501e-01 6.309648349674595869e-02 1.014274666390933971e-01 7.770017181840604970e-02 5.545577027934669306e-02 5.599464081079351396e-02 2.421084786459402199e-02 5.159831538189311399e-04 4.623038745796347049e-02 6.233326150941728705e-02 9.698487239853566255e-02 7.496958473323564465e-02 9.319771477209856658e-02 1.024726690364056447e-01
1.114692972627522732e-01 9.665237189843697840e-02 1.556287036192534855e-02 4.105616031313916864e-02 2.469581822327103146e-02 1.027359256328553572e-01 9.384656578483581424e-02 4.133706456397776702e-02 6.741114131572767398e-02 9.536280229751942228e-02 9.868274572660268307e-02 2.437497570004098710e-02 8.654450611058442377e-02 9.515938982521035538e-02 5.108364983120698352e-03
