1.296449918413046173e-02 5.262410881260440321e-02 2.671596015532269955e-02 1.065127394415302658e-01 8.704743400165335099e-02 8.623944708556968708e-02 9.311583731809650044e-02 4.000441639264447347e-02 2.765079950038440079e-02 7.575736912616025387e-02 5.013197148334105208e-02 1.133052669178342964e-01 7.770571477515035574e-02 4.679625574742505428e-02 1.034281800581527133e-01
4.992708600713655770e-02 2.337884320249963496e-02 1.024861802524078547e-01 6.191296723044265038e-02 3.402140961209980385e-02 9.078295686071498338e-02 1.285549271736052268e-01 3.228719424095649604e-02 1.036117088039816142e-01 9.995251728172246941e-02 1.573884913889789933e-02 1.099915381266247105e-01 6.054024945979837730e-02 1.649164971528107801e-02 7.032192289383068506e-02
4.482704452243011645e-02 2.656612983312642978e-02 1.197929261511206274e-02 3.006973029327607294e-02 6.494556507658945377e-02 9.702963675628270557e-02 1.321005699568227575e-02 1.082047461301124530e-01 1.538186522757920699e-02 2.654721373240083102e-02 1.078405476322566864e-01 1.338348993105354656e-01 1.486316759197698345e-01 9.870701637501917702e-02 7.222457957982728050e-02
8.756853492997606486e-03 5.575562760998232364e-02 1.806982802098262841e-02 5.131186858938859008e-02 6.074109375381558235e-02 8.311337198191541542e-02 3.229428614117077490e-02 9.863949949766440128e-02 9.924679723420680444e-02 8.240896672007445856e-02 6.924207138520850624e-02 7.318393754774144000e-02 8.730851137716251487e-02 9.491362388529432648e-02 8.501366276239463726e-02
9.076844246011370188e-02 1.040869357816432035e-02 8.828249080067737675e-02 5.002144171508866866e-02 2.333561756543752960e-02 1.264884008876434318e-01 1.168193326667540527e-01 7.458147552043906114e-02 6.563275254378764245e-02 6.929386537274437319e-02 3.692264538188820555e-02 5.702077373706179730e-02 6.184031105651985327e-02 2.132219483079431360e-03 1.264515372306004026e-01
3.979211002555152130e-03 5.090408889141966042e-02 1.308778993294614640e-02 2.688785359395897898e-02 1.286510541860105550e-01 5.068270684621005440e-02 9.951684038215574679e-02 1.722227926452176566e-02 3.430295597455592510e-02 1.202985678254593488e-01 1.233101233927652030e-01 3.926546035152436720e-02 1.320218618411957978e-01 9.120310262582988214e-02 6.866610388889149430e-02
6.220933254789234174e-02 5.552201766660300186e-02 1.566761194813571789e-01 1.141046557444341802e-01 8.789920252902035103e-02 7.157269423223843949e-03 4.074041432482657793e-02 1.552212890537212620e-01 9.164465218185730011e-02 5.883817166149231392e-02 1.555284977014986369e-03 4.172742848155229500e-02 4.183907919176473728e-02 2.809038357222447269e-02 5.677469916301521036e-02
4.167058503347711301e-02 1.293440043962907487e-02 2.014352882258025473e-02 1.021417346194723602e-01 1.432425928944094581e-02 1.922949839727192967e-01 4.237971495281225853e-02 9.545566620672937819e-02 8.526794847312740844e-02 5.990757464040386698e-02 6.652694595855870863e-02 4.351066552732499315e-02 5.763137522748773556e-02 2.408022793785419974e-02 1.417303888983824367e-01
7.305573103660044365e-02 3.531122346278337681e-02 9.978009401799314837e-02 4.379490161443290452e-02 6.926572775385322900e-02 5.930017772706697859e-02 3.684452673553346991e-02 1.053898510063358551e-01 9.614190241150691318e-02 9.533957327458457420e-02 1.081666736167945231e-01 2.813779622147883968e-04 5.578069784769445344e-02 1.063105420566144571e-01 1.523699947599076350e-02
3.212990107915495580e-02 6.623664407659560216e-02 8.897198986735974091e-02 4.364000130999871191e-02 4.017837592381112016e-02 1.017424755804759301e-01 4.308649146357033596e-03 1.030539251039253035e-01 5.620116848866368864e-02 8.249181701854918503e-02 9.252361116893167980e-02 1.291372660255912623e-02 1.185354394851271670e-01 1.078426547013085074e-01 4.922962044718219576e-02
3.196860897019938863e-02 1.030729439564709478e-02 5.064725529059430076e-02 1.170452706977125334e-01 1.334550574803992362e-01 5.359793468564748309e-02 3.615280434206632337e-02 5.373019182299446084e-02 1.582667551552565111e-01 1.576989455161406650e-02 2.661668468072521734e-02 1.139348311472442032e-01 2.293724198166186695e-02 4.375722316265209799e-02 1.318129516355852349e-01
5.254923727755831525e-02 1.043630555083159411e-01 1.001319656832375116e-01 4.640154751331475314e-02 4.348065467800121819e-02 5.063748964499473898e-02 1.531210191295066803e-01 3.279067416760385843e-03 1.601874517873962470e-02 5.964610859536589177e-02 3.851041299490684522e-02 9.839177503097172595e-02 9.430192222322844597e-02 8.659306394960057662e-02 5.257393517549732720e-02
6.263276358730540672e-02 9.628270122823108512e-02 9.950062924747048176e-02 6.525247924727695104e-02 9.874499701391817319e-02 4.197425675101311079e-03 1.886716389943347838e-02 9.162383956778122340e-02 4.713173401430157533e-02 3.893031695014965293e-02 7.004904104262965614e-02 4.560716436271267799e-02 1.113823713030246271e-01 4.738906570922900990e-02 1.024083071514347854e-01
6.445827727231655258e-02 9.769143148864188608e-02 5.184968529761849187e-02 1.026718019231309259e-01 6.177459683558090414e-02 2.971846910333836300e-03 7.914458861004043666e-02 9.226945649033892194e-02 1.055624262347091245e-02 1.031997719189845508e-01 6.035171354596644694e-02 7.934072387062918175e-02 2.399403384365938335e-02 1.008153204406789100e-01 6.891050892860862975e-02
6.990869260731362445e-02 1.237018704635824418e-01 7.166504736890617899e-02 6.840965795494798052e-02 5.760155405370219472e-03 7.030375157122858987e-02 9.577675597314062872e-02 4.740236459001258285e-02 8.740873245996980123e-02 7.258363116054772357e-02 2.676010074978296335e-02 7.035843020282885052e-02 6.124536919488694775e-02 4.345431115933197364e-02 8.526112913814946903e-02
