3.792227140432849475e-02 6.550335625330218348e-02 1.040077697642538326e-05 2.749288465458935363e-02 1.334537904233572443e-02 8.396893239276694704e-03 1.693773999463014934e-02 3.142387579031905714e-02 3.608040744256799798e-02 4.899778475393017085e-02 3.811983052967496399e-02 6.231105210891021984e-02 1.859204937896241291e-02 7.985239956687843754e-02 2.490515441994100611e-03 6.096956659853880467e-02 3.794798786453144890e-02 5.080496248697533024e-02 1.276621263865502197e-02 1.801453724255242667e-02 7.281642818947446638e-02 8.804973802522013393e-02 2.850150978797990481e-02 6.295698029050381117e-02 7.969523649689225220e-02
7.242592303144823607e-02 6.885043179550675088e-03 3.161812715943925628e-03 1.374919883516956438e-02 7.109301099426522386e-02 7.962002193993811608e-03 3.409219904211088087e-02 7.754920258651976095e-02 4.316420776618755395e-02 5.601326331053203128e-02 2.554364028204632667e-02 5.557801587856198849e-02 6.756995799266135583e-02 1.480589650562688826e-03 6.073048260549764044e-02 8.005661039168850135e-02 6.057029341437977776e-02 2.270429655010203218e-02 6.389879063593048580e-02 8.357012206855665010e-03 3.626074271126927123e-02 7.355843708563827854e-02 2.377053131682254836e-02 2.329783062555314255e-02 1.052690499670863936e-02
1.754873771352781671e-03 6.151046952219289127e-02 1.917599204462000842e-02 2.406164513412673706e-02 4.454229981287487206e-02 4.835273119595906270e-03 5.202179579762482992e-02 1.329533163311561773e-02 5.339800070565647178e-02 6.340632331156781376e-02 9.272700764829250319e-03 3.751833394601077759e-02 6.292080727291644859e-02 3.752950471615121297e-02 4.526369886273298379e-03 4.855850635920908737e-02 6.014758849902760579e-02 4.665499888818568086e-02 8.559137542132899679e-02 5.314877343800029214e-02 8.185882040668972237e-02 1.245682229219488395e-02 1.262007231063539195e-02 7.315913037370236349e-02 3.603419057211713905e-02
1.164227151581055664e-02 6.530409819944540950e-02 2.448552642557551631e-02 5.286323851753479963e-02 5.111612413082119305e-02 6.219188581052521869e-02 4.391156256089175092e-02 5.287241486532934936e-02 2.456526232502996218e-02 1.900510455985848779e-02 6.307762839630534635e-02 3.014107868386035546e-02 6.793253509183939942e-02 4.671164196090098891e-02 4.377240191716186279e-02 8.079043627325307314e-03 6.685171555334794291e-02 3.167744942408046160e-02 4.072330216001755071e-02 2.873612860265929714e-02 1.668861455394777399e-02 6.360521742771965692e-02 4.039167111171944324e-02 2.020942148344243320e-04 4.345198836345810084e-02
2.568775994592396514e-02 4.144850244071461576e-02 6.967158479932904214e-02 2.809613675613189046e-02 7.144833038154978222e-02 4.902181214968251433e-02 1.244202147603280101e-03 7.309209608258736279e-02 5.433298994801476905e-02 7.843070512350110157e-02 1.355307118928218355e-02 1.078452532814603085e-02 7.334046314878973905e-02 5.479864391332657514e-02 5.190335388907302110e-03 5.941055083972190259e-02 5.928575787676638315e-02 7.258779354792765925e-02 5.595518894087034290e-02 9.772822481145830228e-03 1.563398366235065843e-03 2.061264496117517879e-03 2.226057303345488087e-03 1.936234353055800092e-02 6.763366387382165057e-02
4.966970651412954546e-02 5.095939572346546570e-02 7.761881240167982365e-02 1.144635587487552626e-02 2.573528572811777104e-02 5.399557120339994881e-02 8.937780214143307977e-02 5.171603528470647415e-02 1.718916097700807317e-03 7.380270461254337389e-02 2.147568054778798904e-02 7.439934488816911384e-02 3.575318060510612045e-02 7.960170323706097784e-02 6.887003215089444741e-02 5.127449214052138410e-02 1.257850829214267503e-02 5.523241420226024032e-03 1.118549807705803388e-02 4.106813579271211684e-03 9.908860490838729274e-03 2.080599532591536488e-02 6.572366692830712565e-02 5.159498044822448393e-02 1.157416286424576852e-03
5.848374089944805877e-03 7.859743578672875874e-02 4.616182386697195716e-02 1.651888551551663337e-02 2.050309295400512891e-02 6.044064450761382074e-02 1.587990485854139100e-02 4.723915962606935887e-02 7.882037577016955121e-02 6.881029782611015888e-02 1.948917621936214345e-02 4.012197156799753028e-02 5.037539765506521966e-02 6.736004076601512236e-02 1.274031131579927111e-02 1.509436148199579195e-03 5.689750461090185493e-03 3.951867469666303645e-02 4.926817647640157477e-02 4.622284543919370076e-02 2.578774111821080517e-02 8.033143405270067039e-02 4.710803544869302667e-02 3.088892023767693742e-02 4.476809359525967674e-02
5.909288250019956168e-02 5.305926990384607356e-02 2.100380667230580464e-02 5.259272098543131720e-03 2.934165002403097897e-02 4.992634327316070042e-02 1.666337627444368710e-02 5.968125668682607021e-02 5.275259415901931842e-03 2.063874805115405511e-02 6.380393136936726717e-02 1.533618850891996579e-02 5.069883414798617705e-02 4.159781118750099232e-02 7.332221143143773101e-02 2.087514607657866769e-02 5.229640306077562410e-03 5.827876024147110590e-02 6.122114272050683398e-02 7.197501320120652801e-02 7.389020779777331904e-02 1.106132533736838702e-03 1.858109681157617959e-02 4.890047939236713548e-02 7.524153937308170059e-02
7.398367186354772029e-02 4.334275086797778620e-02 7.129196194802910058e-02 4.995434311592441418e-02 3.036721525914835157e-02 3.784074690462174012e-02 4.705349625865243995e-02 4.278951267518833063e-02 7.211537037350493340e-02 7.153544659262436878e-02 3.074624501887401884e-02 7.500262043954537827e-02 1.354472997352349807e-02 9.836409822957699334e-03 1.051768393469270681e-02 3.937243104877728717e-02 1.675988375286583927e-03 7.381191299432091069e-02 6.440178654547595860e-02 1.169424615544545744e-03 1.371918920292391174e-02 2.585550407566544404e-02 1.019982231223682222e-02 6.302946635866343850e-02 2.684226942229267152e-02
6.429061145188103010e-02 3.980188245028162819e-02 6.010019779980008831e-02 5.776838822081990787e-02 6.191656471996299926e-02 3.144957788298066714e-02 3.736271812192921288e-02 5.461366295628122119e-02 1.953929739578854491e-02 3.352669702983710615e-02 4.097102589810010242e-02 1.062265540675335620e-03 4.058608545863603284e-02 2.965758508755784312e-02 5.521251882315565684e-02 2.155847233310550018e-02 6.106148723237845438e-02 3.951760240256248224e-02 1.258380408445533040e-02 5.388368157407214670e-02 4.185463826133051929e-02 3.686663631210605665e-03 2.873555324593122726e-02 4.643910567794806710e-02 6.281991271931830489e-02
2.726640844734616563e-05 6.624643022037277063e-02 2.554068888724448164e-02 6.604461630852968834e-02 4.101347095243807611e-02 5.621454995974187185e-02 3.897847860576330453e-02 4.259781552649866132e-02 1.936855082106399978e-02 3.980061409337794232e-02 5.086849146197167104e-02 5.821315083516961919e-02 5.121170306783572740e-02 4.734411839905804803e-02 5.863131796294911852e-02 2.188509230918512377e-02 4.549469832517030743e-02 3.057948194948715420e-02 2.591523542377731706e-02 2.786232967805230346e-02 2.722942420104580707e-02 2.152583208444865809e-02 4.218024274510325661e-02 2.918052606135391677e-02 6.604587371191375511e-02
5.111258858205186550e-02 1.497404494479406822e-02 3.217728600533414224e-02 2.589154915044162772e-02 6.014949897386685090e-02 6.636018194232719269e-02 6.815821964115502396e-02 4.997533279047657734e-02 2.037625489009373819e-02 1.903083272510522686e-02 6.446737880835269607e-02 3.979466823719285395e-02 6.049052159919344335e-02 4.317104096048442197e-02 5.528587043863275596e-02 3.913837842221606217e-02 5.813192732548200237e-02 4.289726497552221601e-02 3.511892315853668706e-02 2.584198012307610537e-02 5.143629061471524308e-03 2.849905235788381674e-02 6.004558272534672898e-03 7.411369241371432159e-02 1.369532420006017333e-02
6.848481038817691435e-02 7.380789602916643100e-02 5.807149839095298444e-02 4.804003083726091777e-02 1.357883873041182063e-02 3.938393457229302091e-02 2.911718817699985792e-02 1.898337590510856820e-02 4.998168166344859470e-02 2.634170291579979173e-02 7.729548536353123001e-02 7.673283124707119818e-02 2.168936250414673500e-02 9.354299863357867784e-03 1.627748295536823528e-02 4.214271190040922571e-02 6.146026576161551375e-02 1.756236236469692347e-02 2.092301439038916216e-02 7.184327399795568947e-02 3.507915934223475307e-02 5.202082580617280183e-02 1.971104243246752513e-02 8.601507192304000404e-03 4.351541726866016424e-02
3.440036374686786247e-02 1.100714512729379993e-02 4.483027267097418334e-02 3.922141772998374160e-02 4.716124434276890154e-02 1.042127860157397376e-02 5.418279078306185298e-02 1.600904425760322700e-02 3.744363229253858810e-02 5.661737254396834174e-02 1.609953591057197014e-03 2.338551267498930469e-02 6.293495651383031186e-02 6.090090466060385510e-02 3.881987241519212206e-02 6.247972961137176345e-02 6.847802322232733607e-02 5.958134407438824692e-02 6.157903585576661454e-02 7.119088555409960190e-03 4.695699290261010073e-02 5.072136108908028435e-02 4.399644234721351854e-02 5.764974422202881477e-02 2.492476167496135431e-03
5.911293660791515359e-02 5.615742814428217183e-02 1.993087853351416597e-02 1.972910538431257160e-02 4.852691022065652032e-02 2.650028626475242274e-02 6.113519602832505340e-02 3.424005148938411708e-02 6.007308443498776684e-02 7.601499785792122099e-02 2.304293495672323985e-02 1.097516144168937148e-02 6.917204507103463795e-02 4.156265297679091059e-02 7.480767087729377207e-02 4.885700219085237217e-02 7.627910020849079653e-02 4.190888795976464160e-02 4.040121778307989575e-02 1.039358407997153025e-02 2.729903896046776204e-02 2.012176792739890727e-03 1.230972898894557022e-02 5.722486045899553841e-02 2.333062287108983619e-03
2.990595004594539391e-02 7.035812201514014819e-02 5.651500566641199513e-02 5.637340149261805405e-02 1.539072155120976143e-02 3.605460706947557353e-02 4.745042267246145362e-02 8.075302836107380033e-02 1.663654132824651105e-02 2.021232384555162603e-02 2.139048642754920460e-02 6.120595064164438548e-02 3.728424138194463139e-02 4.644826090214929613e-03 4.148942212688556258e-02 1.729365562529991754e-02 6.515746396500009252e-02 2.425902304343605098e-02 2.252351826257851727e-03 4.841766581551647242e-02 6.884824705233473507e-02 3.108679240882574954e-02 6.118032327096501605e-02 4.170361311210173810e-02 4.413581316388930781e-02
8.159797071700469751e-02 6.837526638564062065e-02 2.749012189719679099e-03 6.033196737107555246e-02 3.954744628479953811e-02 8.058714293993836375e-02 1.883241132245396660e-02 2.271394129138469900e-02 6.929197814078613335e-03 3.645317439901489542e-02 9.271827908123605674e-03 5.390229679922815820e-02 6.829041789702294807e-02 5.926148901478491687e-02 6.516474600040117471e-02 2.912503819123915538e-02 7.193797743929684907e-02 3.646592703506031097e-02 7.008039195639696739e-02 5.328224567698235103e-02 1.219784352991155722e-02 6.666649106196755568e-03 1.559154625535426287e-03 5.674827639523208171e-03 3.900163646518593763e-02
9.460288035521268943e-03 2.318987328622796728e-03 6.300587520045222711e-02 3.295690760232743849e-02 6.234456890020824427e-02 3.776078493442796419e-02 3.756730222698786981e-02 3.990318414386032769e-02 3.956359276206547482e-02 6.703747713502357375e-02 3.358641752530699964e-02 7.551126229038826465e-02 3.093367220021258236e-03 6.459281796768923112e-02 1.048688451475249771e-02 5.162535056745251594e-02 8.650717679085197839e-04 4.495749774256873471e-02 2.518991931929146096e-04 7.939310511598501874e-02 7.557101395163763613e-02 6.643681661345601785e-02 7.639502212843751749e-02 1.214928032871853865e-02 1.316522480298718337e-02
1.378187999180445662e-02 4.572343084820545273e-02 6.653331804974464692e-02 7.271396803302256073e-02 5.223320900242452852e-02 5.375204122385503214e-02 6.678920263589278872e-02 2.944488841326030337e-02 1.835197670769954034e-02 1.273875441055811499e-02 8.774332746745132014e-03 5.968769254731096097e-02 1.078216083060008941e-02 1.941312003849273923e-02 6.016355654614306131e-02 2.281318588167120104e-02 7.216030843071133405e-02 1.958508676802752854e-02 3.919778704655387663e-02 2.309816110736487987e-02 6.689788384267494892e-02 2.692423724422694092e-02 3.184812738387324954e-02 3.762880912611209216e-02 6.896288114302458194e-02
2.339089200487498056e-03 5.418083945796580564e-02 6.734215616343218469e-02 2.062336001414582110e-03 3.945601431757937011e-02 2.463792347643177505e-02 6.495918385092228076e-02 4.221201873528888232e-02 5.216660393390275957e-02 3.422613061819067964e-02 4.748685212568076047e-02 2.192517610848161019e-02 7.065544389312437530e-04 4.359052975807269081e-02 2.353858445240714775e-02 3.909447181649716718e-02 6.926086787284126134e-02 3.223245888168269069e-02 1.869789913091557051e-02 2.806194226745775677e-02 7.042895837048498975e-02 7.080740149776786063e-02 6.381345646561831231e-02 6.954811734414323432e-02 1.722443371340189044e-02
7.121499998482371321e-03 1.850417696200030299e-02 2.559186699334123002e-02 1.422683759997870820e-02 4.942057471601745550e-02 3.366805283991826381e-02 6.645519494654732184e-02 1.507056277750161259e-02 5.713634499060508964e-02 1.956617912067942430e-02 4.674437535558197132e-02 2.840937815540348077e-02 4.637193926635233346e-03 1.862660494873356540e-02 5.406134997143739740e-02 4.047870483818876569e-02 4.225055984129876679e-02 1.422311524920163474e-02 4.645919389393955712e-02 8.114083483178551048e-02 6.649456221674855672e-02 4.838497634330186925e-02 7.945050981342130503e-02 7.339181278247439155e-02 4.848553688677634255e-02
2.831907745882975436e-03 8.172424717043330275e-03 5.709147255954956368e-03 3.945148241269079425e-02 3.278807579372301773e-02 8.518083039664632594e-02 1.467058584584131700e-02 8.495704308081743206e-02 6.702634371384291745e-02 7.198365833459981211e-02 5.524861711366846340e-02 5.840284070146820744e-02 4.164785127753309335e-02 1.147245349646384190e-03 3.082929250524787251e-02 4.297440220766898106e-02 6.376149427469483821e-02 4.092700054333084370e-02 3.994681828166013471e-02 1.202258284349979299e-02 9.509523296857175538e-04 6.622317078963241288e-02 2.794263339069904400e-02 8.596975113548056824e-02 1.923384795904058489e-02
2.639550551773921228e-02 4.082720898045445745e-02 5.882866693754573023e-02 3.614842216087019861e-02 9.727416764799101667e-03 2.435322236181900607e-02 3.931716264682400680e-02 5.251303149353447886e-02 6.001776129282176270e-02 1.015706321232588694e-02 1.785775445974375130e-03 4.045206865300139676e-02 6.312239413634060381e-02 9.822111587355765276e-04 5.240555333706124752e-02 5.352294298480939766e-02 3.500978503907316297e-02 7.128945289714777589e-02 5.021503858354719324e-02 4.083403794304409345e-04 3.775149315797995259e-02 6.696660895496733823e-02 6.471301175009927520e-02 5.058856567504857460e-02 5.250129647804989419e-02
5.284639799717100184e-02 2.504106008623402033e-02 5.120486168721680859e-02 6.136305158242418706e-02 3.219472780118315391e-02 7.818060391616969695e-02 1.781682989940908124e-02 6.826835205093854941e-02 2.645544183738597621e-02 7.068718203483244367e-02 3.907414617756178876e-02 7.378389385378512910e-02 3.229569166711534350e-02 1.952104768890568914e-02 7.009205179353068804e-02 2.819468807402561103e-02 6.698252173779153940e-02 6.800821628961380150e-02 2.022476520331923863e-02 1.955931446410352423e-02 1.817405147635292595e-02 1.301916382067815244e-02 3.444679618052594317e-02 2.432478503699121979e-03 1.013266417602675350e-02
5.344335135965189859e-02 6.336350140962120070e-02 6.380073145819595976e-03 1.835696472671421997e-02 1.644945595105332115e-02 7.267713396907693468e-02 5.635496465984485281e-02 4.388234302205681892e-02 2.412589650568716659e-02 6.614257005983231741e-02 3.448777050509237163e-02 7.316221030363813382e-02 5.593801822801599405e-02 3.787275077311697685e-02 9.999185669855407965e-03 7.732852119647738720e-02 1.266306181995717484e-02 1.605145869463715444e-02 3.416102434924581793e-02 3.202350512270801114e-02 1.162660721999325165e-02 5.778139047973986780e-02 1.495361236468239520e-02 5.101360277992963987e-02 5.976102568355198819e-02
