1.861771227828775202e-02 5.309289745669026200e-02 6.616606431278729272e-02 5.638512526470591119e-02 5.275479583307302739e-02 2.610516647810734100e-02 6.463571474632300029e-02 8.351578215463671684e-02 3.759735009084398671e-02 6.910392783525035054e-02 4.959929098210091175e-03 7.379428580317130837e-02 1.698483779976045493e-02 3.490588112404436477e-02 2.651145615524065288e-02 7.076968937142868836e-03 7.992202605485868028e-02 3.270225288183015860e-02 4.688587320959426014e-02 4.365401246355340992e-02 1.167612672517240151e-02 1.823973158131471373e-02 6.731102472506108117e-03 4.487369016217145068e-02 2.310728908072351429e-02
2.941160199510804360e-02 8.901473465765349924e-03 6.487160949856742020e-02 8.779444457824291462e-03 8.119404294633925101e-02 1.459298207319464219e-02 4.714971010064344936e-02 3.693965129431416115e-03 6.483573271195011700e-02 1.561807412055751625e-02 4.348409719307184951e-02 6.096109355754665560e-02 1.235004002451969320e-02 4.539372542041197889e-02 1.784302472783852109e-02 6.253590832304795066e-02 5.954740980308328296e-02 1.454256016216730514e-02 7.100124095256409029e-02 1.628899164511666067e-03 7.085877495718299890e-02 4.603759138051304739e-02 3.321376408671738306e-02 6.249891389909699446e-02 5.905431984834502018e-02
7.221501582551352605e-02 2.033969796285588563e-02 2.774768056064613395e-04 6.830750906814953005e-02 6.274831414541111319e-02 5.330961438827973298e-02 3.779165344500676205e-02 5.170819708946824272e-02 5.708949660234811929e-02 2.741917806480862266e-02 5.634293385187143233e-02 5.490216756257718100e-02 4.485149738346944082e-02 2.939327934327575637e-02 5.100250649812114456e-02 2.276806620187488638e-04 5.667749426091341775e-02 6.556570744742477863e-02 1.750403062417206848e-02 8.833153975469080349e-03 1.611201249447063305e-02 2.209596057268850902e-02 6.458647541952379501e-02 3.972828165235522957e-02 2.097066485420068585e-02
1.085366386801739531e-02 2.276128464033906965e-02 4.815702652592533661e-02 2.542805491772747242e-02 3.587904165820719055e-02 3.484014748476121220e-02 6.496565353910684071e-02 3.344620672963697500e-02 2.711941901083314566e-02 5.295024642834900847e-02 1.737484858176285146e-02 3.665455160373028848e-02 2.469277313629962903e-02 4.917563697942608364e-02 6.882727067418245581e-02 3.512035574841181063e-02 6.153920156289600235e-02 3.584809535933063812e-02 5.147995053474901245e-02 1.034267525821980227e-02 3.396658071170109011e-02 7.133380654308894842e-02 4.749868303103776251e-02 6.015201685511327445e-02 3.959280861714659094e-02
3.577149278247693936e-02 6.053899212607376928e-02 4.870048929207308405e-03 4.117372418234464121e-02 6.771136190728688220e-02 3.719389171024108792e-02 1.396697869714345897e-02 6.090094428156331979e-02 1.807329807324141446e-02 5.032774474775738444e-02 3.880277496461503189e-02 6.814758983936575198e-02 4.484128826282232638e-02 6.018549159366794882e-02 5.697572909344415229e-04 7.105666297976542811e-02 5.581637980091600296e-03 2.313607757220444844e-02 6.795482652543612112e-02 6.420267536688078862e-04 5.909034851486934942e-02 6.185418730420197408e-02 3.158965386929640795e-02 1.836820406865443539e-02 5.765099504306965550e-02
3.565480895277945567e-02 1.002343225068112048e-02 6.922977401292199073e-02 6.685117817434940712e-02 3.667575210618150006e-02 6.392130690324344944e-02 3.123144213606831102e-02 5.099549705843241243e-02 2.969535154807799796e-02 3.773502568597611462e-02 1.414305738588241858e-02 7.200090279536540405e-02 2.195237130795429925e-02 7.719447609258229745e-03 1.076783250475074269e-02 1.051471036570317090e-03 5.341899313636769980e-02 4.211902092167292555e-02 5.928602618902122784e-02 3.783485110930252110e-02 5.908029436627082465e-02 5.191318812952780415e-02 5.803775688250627923e-02 3.032898389395041056e-02 4.833223390288717697e-02
1.424643802140793288e-02 2.550018672053078542e-02 1.367674645023723642e-02 3.237936338410945386e-02 1.912940106682928243e-02 3.224345289755065763e-02 7.727411178718561480e-02 2.538128005692063399e-02 7.785005716967352551e-02 5.041926190634516552e-02 2.972124819587337874e-02 6.794486770305308010e-02 4.909446069515437799e-02 1.997045346543738914e-02 6.282384603491500408e-02 3.430493464422617461e-02 2.832826598333967882e-02 2.617029553484503945e-02 5.525771724666742740e-02 2.128714530318040130e-02 6.404587227779677538e-02 2.339792508334977150e-02 4.311477987254559718e-02 3.866164489924941994e-02 6.777624359957627742e-02
7.062960614125966818e-02 1.465916186785798207e-02 4.653710312262812621e-02 7.141021764639847447e-02 3.546776746391917812e-02 7.329152360903104513e-02 2.218068167979841965e-02 4.840405523424524958e-02 5.425728586600540165e-02 1.814309678950871280e-02 1.094561951700862620e-03 3.313090811871614860e-02 7.461235767029363031e-02 2.727184854999651492e-02 6.199220333470242122e-02 1.389210424174822968e-02 2.718636081309156252e-02 1.149598831804452860e-02 5.698560709243930683e-02 5.559722674840378298e-02 5.473777234018774307e-02 2.014580752316961695e-02 5.504487777490312678e-02 1.807089254204594791e-02 3.376098355990431871e-02
3.361542809679525512e-02 3.211378635326381931e-02 5.211013043705773826e-03 5.709010174707226937e-02 6.392937933485094704e-02 5.545797208453207006e-02 5.859643610688210213e-02 1.535974744893636376e-02 1.350744640168041917e-02 4.647267048087649205e-02 7.911517656331759629e-02 1.662625944313629589e-02 4.183277683391782575e-02 3.876818073719187630e-02 4.494647642263031179e-02 1.459782404925506934e-02 3.095080415725590464e-02 2.366953020871195856e-02 7.633085821472743171e-02 7.233640994735346386e-02 3.856091668796812061e-02 5.486386366129879927e-02 1.314761472249741277e-02 4.606036600384785101e-02 2.683896124829463978e-02
6.247385597983919764e-02 4.880741462664062863e-02 4.603678279798263662e-02 9.066115405864227234e-03 3.419927505181866861e-02 7.169771113454470601e-02 6.891623371188067282e-02 4.688064058670193823e-02 1.102637960448462316e-02 4.644759426368925276e-02 4.110865369903431848e-02 3.405959351659440526e-02 3.110698721441352080e-02 4.355103923587914927e-02 6.177029895898537154e-02 5.458660576690205213e-02 4.210416658604625856e-02 6.720150268126991178e-02 4.704882120902475172e-03 7.204463480844830459e-02 3.851299661346687785e-03 1.449804245122211441e-02 3.072292165677209530e-02 7.813047864903995693e-03 4.532432061383277755e-02
4.108070813584803818e-03 2.436325463301536320e-02 5.224622047917468551e-03 6.021989631482708299e-02 5.721855722146843709e-02 3.240576777975096717e-02 1.610906527364303759e-02 6.394217097090586222e-02 2.913581005004280827e-02 6.807624428030850661e-02 4.176337830426289643e-02 4.499628941960158446e-02 2.438761703404073063e-03 5.514501695193960856e-02 3.001551952441085941e-02 1.961950776346708253e-02 3.713957921689724218e-02 3.273847583473156464e-02 4.021303471420478726e-02 8.384188383019257340e-02 3.119005924471763766e-02 6.628801210251619724e-02 4.731583892391820478e-02 7.610790440148458569e-02 3.038327867878696034e-02
1.925531204567635171e-02 7.144857460900343182e-02 3.414264986671339871e-03 7.456481079934206002e-02 4.363736713425348662e-02 2.951706637686070042e-02 7.803904352149355905e-02 4.577211650577275512e-03 4.052376864258513955e-02 2.438852681798601551e-03 4.479564276981308490e-02 1.415361736418241020e-02 4.948428478598406594e-02 7.693097509004648282e-02 6.861604836078184777e-02 3.543619560653307049e-02 5.556251408094225325e-02 6.097460028581584007e-02 3.880909587955575640e-02 4.145133589113646905e-02 1.182557938186447853e-02 2.897095582260212146e-02 1.115399693971680720e-02 5.700815120898338612e-02 3.741073408377994930e-02
4.408795738778636952e-02 8.702090097404327484e-02 5.182163213870599056e-02 4.018006127802094263e-02 2.641002214361726566e-02 7.072874188645702186e-03 4.106847224347570657e-02 2.529454146821978177e-03 2.859654203913165535e-02 4.945366989765843241e-02 9.487196171349715490e-02 1.074336517020733385e-02 6.610470998417201927e-02 4.910233067680806057e-02 7.632499199514741761e-02 1.410478437637298355e-02 8.171992060594010163e-03 3.921043146145991587e-02 7.827599550637162618e-02 1.882599739237011960e-02 7.540949887289061238e-02 2.851247302751369964e-02 2.130263643917143512e-02 1.641770826946405311e-03 3.915547405856992930e-02
3.137571258449605577e-02 5.428607183700316641e-02 5.838948888749901853e-03 1.256439618842424867e-02 1.364747828525431994e-03 9.369234283559776943e-03 5.366398908626485859e-02 3.315208414120963260e-02 2.643116917378059150e-02 4.593475878196340290e-02 8.179491963381219088e-02 6.870606318506762566e-02 5.760231443913466087e-02 7.560329805854132390e-02 3.270997177037744588e-03 5.790787271554559586e-03 3.902652177472472339e-02 2.874811987228500024e-02 7.716709415814577977e-02 4.030751916130833473e-02 4.443111450335335277e-02 7.370977747602885932e-02 3.677295578004397686e-02 7.220917193082893037e-02 2.087823278415575773e-02
2.218255846811462151e-02 2.660203646428598023e-02 4.436064997163314400e-02 1.783361622308465497e-02 5.439550395229120205e-02 1.156832755205246775e-02 7.623487441294440198e-03 7.049815618487059732e-02 1.918980147937180900e-02 3.127192503919118405e-02 4.630320144368345325e-02 4.259758790127936984e-02 6.159037189286892602e-03 7.081688260289673020e-02 7.705578416788257112e-02 6.582487949447317355e-02 2.299206602784250111e-02 4.276324848710393728e-02 2.749767890340704471e-02 4.493609928738880044e-02 7.894081762790688961e-02 2.525245852130425517e-02 5.418222798120404110e-02 2.640807292441423385e-02 6.274389466373593571e-02
2.926284721723676485e-02 7.992045735484620828e-02 6.751514822562899865e-02 6.849632847010309056e-02 4.216658326095859555e-02 1.892995938298186812e-02 3.725112922683175998e-03 2.890527598505400475e-02 3.333299598540613411e-03 6.231910308008508509e-02 6.020795118863268847e-02 3.866312053232075913e-02 6.895949740838569486e-02 4.814197322369205556e-02 3.580046845553560685e-03 1.210653700321290098e-02 1.737182748740464036e-02 3.014787617439321568e-02 4.698523421478811510e-03 5.434898164852745156e-02 4.599111491307706495e-02 5.545768732946465551e-02 3.883231641015660873e-02 7.613680313672403777e-02 4.078162777885743773e-02
1.168784686138696826e-03 6.624646156495013483e-02 4.979110816127111511e-02 6.244763297931666540e-02 7.221861429622551676e-02 3.863117975189573738e-03 1.783672813766627729e-02 4.806359045151062208e-03 3.199445884068854995e-02 6.554542665189559691e-02 6.193445544118999536e-03 3.589867853788954177e-02 9.525930837679450272e-03 5.864483365833113998e-02 6.384523438315621580e-02 3.284819721989612647e-03 3.691003738182518229e-02 1.816597543033311030e-02 7.227158370488694084e-02 7.162046490773772700e-02 4.658394120176565650e-02 7.386604993616316395e-02 2.616730869448267646e-02 6.812690757855419110e-02 3.297609614259316285e-02
1.761040051680719254e-02 7.026008838893343933e-02 5.109671759309144384e-02 4.847532069385073090e-03 6.500245503781003353e-02 5.237837673054591969e-02 4.517533196971512677e-02 5.469302270213331069e-02 1.892657342650587785e-02 4.484391272832125019e-02 6.083494317495363041e-02 4.041153862471950214e-03 9.746405998386496392e-03 6.291300788830146706e-02 4.617744915454751603e-02 3.967604066246415567e-02 1.854210253926572363e-02 2.203617195662801315e-02 6.517132725774996138e-02 3.148958897047667710e-02 4.811586845846858342e-03 6.698594507406815945e-02 1.518827654974134155e-02 6.170184342261024468e-02 6.584974547923896915e-02
3.699915075301948852e-02 4.549080948772235566e-02 4.007892811123667937e-02 4.749424115600256457e-02 6.499387599305850305e-02 2.144613048060387689e-02 6.717648329061889911e-02 4.315157260406205647e-02 8.749272210060705587e-03 1.725493062372770656e-02 4.530212303972899757e-02 1.820091188517009365e-02 9.989235532341713200e-03 1.230245261593644612e-02 6.422088923757846013e-02 4.577349706921519934e-02 7.324316254068563570e-02 2.627594813377874192e-02 4.527496471813671763e-02 4.553038129163958919e-02 4.680123447996223374e-02 4.498208648092287369e-03 5.703350004121875844e-02 7.207579349874919383e-02 4.064230255765317185e-02
1.673619126434679541e-02 6.544127811992962729e-02 6.361352396121586943e-04 2.853069411769079342e-02 7.975463588925514602e-02 5.113851111050565085e-02 7.432968383871205176e-02 5.255565144173048042e-02 7.149516915768076852e-02 7.644115405453510981e-02 2.789883863742719655e-02 1.068673190978275053e-02 6.269277204651162172e-02 3.827318944041331605e-02 1.101535572714300304e-02 5.126508814442789358e-02 3.134912158185168638e-03 1.739902066597948105e-02 6.851595405200951172e-02 1.051401500154456898e-03 2.636558003092000224e-02 1.857912162158072101e-03 8.669736494769149371e-02 5.058769368702525915e-02 2.549908065617241190e-02
6.995212951588299088e-02 3.818731271319208281e-02 3.423941871583856267e-02 4.426813883214200662e-02 1.989020011937305682e-02 2.298894345889880911e-02 2.798648382141158755e-02 1.840752249007587479e-02 4.401781554856061540e-02 5.239888807811288879e-02 5.417798782038621072e-03 7.312491037641609404e-02 5.670803226112666046e-02 6.070602578414456552e-02 5.660033086031836941e-02 6.028784213762470104e-03 3.627288906389808387e-02 3.356024589798640989e-02 5.063880854136444676e-02 3.379099524306845848e-02 5.303649346339974618e-02 5.132953394763124788e-02 5.249696154162925010e-02 4.658212425690051728e-02 1.136921247282659739e-02
6.729716273318911424e-02 6.908779981270223025e-02 7.997288292948323551e-02 2.067812691417089330e-02 1.562822007219000914e-02 3.459486902858494722e-02 2.835570719786270968e-02 7.213342062922796505e-02 5.426974107247019286e-02 6.722633606329352085e-02 3.782933082177852152e-02 8.796064851453224906e-03 1.017547966859951546e-02 3.302991506135768973e-02 1.714690146887478533e-02 7.259954305185011003e-02 5.304110377813131549e-02 6.093215276835874106e-02 4.344137786603433776e-02 7.799447183901670085e-03 2.079391021924467328e-02 4.083124350910061900e-02 1.756651097492991156e-02 2.253513209409696138e-03 6.451923911380054444e-02
4.933940826690572101e-02 2.248717983725742955e-02 5.741004221000829688e-02 2.916072545009679162e-02 5.885241702979870232e-02 4.472129988429860564e-02 3.954654879881774193e-02 1.366194879694260060e-02 3.604209243472217966e-02 6.087701302148910976e-02 2.075855241364965575e-02 5.927844977166332741e-02 6.185117698022760124e-02 2.244993732757722890e-02 4.649152494631287463e-02 6.120293085100880076e-02 5.152094178996385714e-03 5.979859818013760070e-02 1.298894154924768417e-02 5.783711763417839075e-02 4.540555367829626071e-02 2.343647351476165278e-02 1.030295006724779062e-02 4.324472760503005747e-02 5.770229557132755538e-02
6.138700678045377196e-02 4.692556761983687763e-02 7.142974012769587322e-02 4.406356701572634177e-02 1.477687136534606462e-02 3.206831907353280275e-02 2.515281940987669843e-02 7.409208675163196645e-02 2.840128748899872074e-02 7.414854489622607625e-02 3.875143187478272827e-02 1.286821591334496792e-02 5.570216584851876360e-03 2.765951868134673003e-02 9.218616716059672284e-03 4.739457853881889893e-02 3.091722298097718952e-02 7.401519855163758710e-02 6.946186725653907823e-02 1.114699798842971358e-02 2.949523461618263481e-02 3.447711675232961737e-02 4.189936269531842339e-02 5.828827321202566941e-02 3.639033710803001725e-02
3.518673812187910616e-02 2.195013460050483992e-02 7.630664076258038275e-02 1.865890178866560058e-03 6.879296375023033483e-02 1.578973817948094160e-02 5.745218780374970052e-02 2.975917059036630591e-02 8.161878783304842011e-02 1.028575497629746240e-02 1.571446194705118649e-02 7.451680938635311946e-02 4.887733421743051948e-02 2.590842526044553895e-02 6.403962993344595621e-05 1.906796420360714131e-02 1.218180510882707797e-02 1.704352999940386346e-02 7.509321733164751878e-02 7.314717832408439147e-02 5.866971274579320383e-02 3.941793496228911814e-02 6.929682078674997969e-02 4.153995580324244125e-02 3.045280349613737475e-02
