4.718501857308549097e-02 6.148941907235689480e-02 5.182343526824462199e-02 4.684710366251327446e-02 3.642432161805948115e-02 5.553166149011618674e-02 3.762218047300278090e-02 7.667144722891280906e-02 8.285227117598989444e-02 3.296692785074455817e-02 6.806968188533189801e-02 4.547249007753293576e-02 4.883843596003559218e-02 7.957948238607510938e-02 6.107425749257685936e-03 7.491064988848279704e-03 1.738305365871837269e-03 7.158567089796233351e-02 6.690312917519383729e-02 7.480052710086433632e-02
8.616941697192095906e-02 7.036760356397804561e-02 4.063423489404703604e-02 6.872724651443366806e-02 1.041431360928915008e-02 5.634640077362611937e-02 1.262256046505581299e-02 8.318009820655626607e-02 4.594984959139834096e-02 3.651186174163333076e-02 2.329468176500130994e-02 6.817291556824056631e-02 4.016500251667986382e-02 5.005181269063922050e-02 1.654481710331937331e-03 5.438411318018424728e-02 5.389632431950935193e-02 5.432234460225396355e-02 8.309901642394659782e-02 6.003572089127445777e-02
4.495653432089660728e-02 5.465093256351433171e-02 8.723891951463585981e-02 7.531207180627054812e-03 8.337931010451447855e-02 8.386339870212065895e-02 2.630838101843902335e-02 1.612225911067828588e-02 3.944437788842542619e-02 4.548210409469383847e-02 7.130321931185105988e-02 5.484720631089175236e-02 1.235963446190419118e-01 1.276072383761580296e-02 2.612007980694624337e-02 2.017178722779062669e-02 8.167132572660193435e-02 3.167416517022414446e-02 5.831225469776769865e-02 3.056546879272329514e-02
1.961535801507618970e-02 1.361925885602227777e-02 8.098492540533336337e-02 1.705048223770262023e-02 2.425642261479319869e-02 4.549723328088189911e-02 1.013028767020668214e-01 1.198138816698868583e-02 1.033945549870110420e-01 1.185764365919338495e-02 1.204859543204026689e-01 5.782716978748539405e-02 1.205231717960082161e-01 7.463227330373828350e-02 9.121820316104899129e-02 4.835406605851003473e-03 3.489573094977952566e-02 1.483113012131095226e-02 3.654092728836284831e-02 1.464988874094267680e-02
3.882461966341273218e-02 5.058004399261374628e-02 7.832182044497447426e-03 8.454839250710277643e-02 6.918003022119473266e-02 3.240311663034426554e-02 6.388673358189121687e-02 1.146980355418234995e-02 7.032102666266913660e-02 1.134637734433435463e-01 3.889614047845691563e-02 8.148844291351407809e-02 1.609205207034378193e-02 8.746101384187238148e-02 3.533545865024524668e-02 2.236701629659725021e-02 7.161115146112929930e-02 2.455060153124348499e-03 1.012106408253368450e-01 5.733010081277988002e-04
5.489442495945991152e-02 2.186717440225131176e-02 5.954126358263373692e-02 7.792490153228567862e-02 2.014580646693665128e-02 4.666133657425146353e-02 4.794778469505828200e-02 4.634504706660579065e-02 1.806674413803167900e-02 7.716042067241818403e-02 3.621140708665571833e-02 6.854822040137163730e-02 5.664882826716496206e-02 2.408856894531067813e-02 6.590716059684985362e-02 3.211186723150617067e-02 7.135803083821705417e-02 4.707562940069053015e-02 7.140922805486892011e-02 5.608615508743192840e-02
7.194736055140066311e-02 4.973285516999407380e-02 9.484631238830038003e-02 6.388572442077206093e-02 4.204766913989185090e-02 6.015599276936935830e-02 1.904021799415732061e-03 2.991711000161514575e-02 6.549115923906272119e-02 2.877655296160061896e-02 6.130895071390114054e-02 4.253511792825591387e-02 1.343942616429669862e-02 2.959048522541071410e-02 5.654219778209196301e-02 5.861631813340834052e-02 5.697475616831863821e-02 6.479944511381428851e-02 6.469056493568910160e-02 4.279797939339057000e-02
7.826682012358272822e-02 3.208745524265580601e-02 3.805018262498731374e-02 7.786321995318884470e-02 7.037920864055757786e-02 6.144814046469167929e-02 8.749617473447646870e-03 8.026909105421564661e-02 6.235191296842620967e-02 8.719745226383435188e-02 1.304655400240312992e-02 7.578576093095822086e-02 1.418532550178978717e-02 5.373718434279577127e-02 1.080925003812321060e-02 7.402951263751933464e-02 7.047741636329318826e-02 4.968141683596983410e-02 3.554633080845337467e-02 6.038147729106158913e-03
7.215839228331830113e-02 4.692509410868395819e-02 7.470636888413563492e-02 8.963891102429930036e-02 1.009308278484523647e-01 8.854437281001123483e-02 1.211979652129980406e-03 3.724457520285762158e-02 7.552734758707299600e-02 1.775739983231702096e-02 5.390824880213714032e-02 5.621996151365413891e-03 2.069233196919380985e-02 1.916328895428212175e-03 8.211870866039273908e-02 2.316802246360910936e-02 3.573127896497747119e-02 9.602249953461297616e-02 7.288114959014081740e-02 3.294165734863971264e-03
1.778566046907390300e-02 6.711472995143982767e-02 6.233610170672070766e-02 2.569053474007549145e-02 1.008876897994682165e-01 6.630344551731680303e-02 5.784408732692944421e-02 6.370559083494127528e-02 7.884737864479723912e-02 3.368758122694721219e-02 4.300471100381225015e-02 2.266145776019926755e-02 2.010736540215929749e-02 1.019847154372775788e-01 7.986561041433785924e-02 5.296565482120853957e-02 2.455897309802575895e-02 2.746847926528424300e-02 6.266688295276502327e-03 4.691354428470854293e-02
3.367389383312515555e-02 7.520495961586584621e-02 4.079712422835447827e-02 1.939716179540940111e-02 2.665297804677028200e-03 7.262946950187938906e-03 7.337428570084809920e-02 4.899916983603114229e-02 5.795044909630627655e-02 9.684032300857213504e-02 1.069564112269972417e-01 2.342483158740807370e-02 7.161231531170293707e-02 2.843876481441378126e-02 2.230303874154517755e-03 8.190474521748053460e-02 3.456178924703953714e-02 4.141402503008512204e-02 6.353813236824425170e-02 8.975306945309639850e-02
6.525857139813331931e-02 9.053987119723445887e-02 2.838072766534471131e-02 8.279952246728121412e-02 1.926023246773471420e-02 9.885471736202654236e-02 7.132877240761295590e-02 2.235950572669109793e-02 9.829226701828311374e-02 7.582827125110649935e-02 2.634713383717130625e-02 2.213169592564804070e-02 5.376472887600491912e-02 2.662576567981843681e-03 2.152558276380153388e-02 4.406226867541315068e-02 3.882114980818313077e-02 4.809720699822863516e-02 2.880473090997996699e-02 6.088046667613900009e-02
8.376142062570286762e-02 1.139615828924798666e-02 5.016626473236956985e-02 1.280562646229966607e-02 6.950835865886149934e-02 3.840285706576838931e-02 5.482454707543576305e-02 1.777123323397363994e-02 1.404477092451652046e-02 4.732305622854995203e-02 3.448102658669902065e-02 9.118643809920369547e-02 7.420769172538638214e-02 7.259214148693710067e-02 8.762673846135442257e-02 8.088830652677880470e-03 5.354184822367964725e-02 5.667214002175741810e-02 9.327155726743076303e-02 2.832729417814778411e-02
2.051362884056315977e-02 8.542968607463060499e-03 1.399464480722629241e-03 7.917666405066657587e-02 5.706302791444870653e-02 6.687878178839257171e-02 2.399757547531565852e-02 4.995001221076110498e-02 5.447665316686269195e-03 4.136542260952121713e-02 8.326235966154915680e-02 7.466011033043498668e-02 2.880414554078796971e-02 8.190588044067101392e-02 1.973618422538141182e-02 8.086232044705349287e-02 8.018590153515021968e-02 6.807552341178127464e-02 5.370111904700405198e-02 7.447124406564537002e-02
2.926576222876499378e-02 8.478928439088724567e-02 6.171119648842258998e-02 1.322047490598310046e-03 3.468037576556086410e-02 1.479575115475726364e-02 9.806142096920207607e-02 4.777782427810414734e-02 4.967757594589764653e-02 6.386810608757396979e-02 3.681284202659138027e-02 1.367308344176241391e-02 8.211002232875744267e-02 1.896129429642200159e-02 5.106861387222648430e-02 2.240393986670581247e-02 9.772338537615103682e-03 8.611244094212078259e-02 9.717153364078739974e-02 9.596454624724204407e-02
1.101949618859552477e-01 9.408813514222752472e-02 4.049494748178713438e-02 9.858154946170458871e-03 4.950157535957713795e-02 2.822886460578506382e-02 1.610433103660910414e-02 6.494259056098692154e-03 8.819850894682070008e-02 1.389047188749551387e-03 9.366675982249728083e-02 1.786187387652991149e-02 9.666184659700993026e-03 1.089155926059864887e-02 8.168973943738258581e-02 2.982523448484503473e-02 5.111802922398594323e-02 6.775010770893252765e-02 1.046029767426759627e-01 8.837474913307058477e-02
3.259830992259935695e-02 1.585525192820261969e-02 6.677480289167782995e-03 3.636918560205860962e-02 3.160831160848087684e-02 5.500509298772411626e-02 8.239555113942775844e-02 8.388410307458786519e-02 3.418897957139111626e-02 4.581464368410372023e-02 2.184463786031215840e-02 9.508915099069632781e-02 6.855197625409585604e-03 8.404952526408321356e-02 9.390134484922553482e-02 9.374604747127171511e-02 3.128325633262901001e-02 4.507739041111714917e-02 7.085748325398923131e-02 3.289905613352218233e-02
4.163980341992683243e-02 2.212549428584553377e-02 5.163317801963410864e-02 5.009123453428308663e-03 8.980205483097937480e-02 8.640763481298904466e-03 5.825544164761723570e-02 3.444901119595998595e-02 6.484722484668063724e-02 1.077263426110884742e-01 7.248541235119101978e-02 3.970537303247638483e-03 4.832610947084400171e-02 5.726531258809328812e-02 6.020266133820691840e-02 7.650757997025144086e-02 3.116882753498700573e-02 1.446862104294279784e-02 4.409010263288062198e-02 1.073863979748958669e-01
1.589200108435642397e-02 7.677040309885393987e-02 4.618245906621846336e-02 3.880298298325491474e-02 7.490694303153395961e-02 3.894672114009000569e-02 6.149958864947547427e-02 3.388703375407680490e-02 7.677553576465287466e-02 5.860004335207549819e-02 5.941506685915042690e-02 2.783149766552612051e-02 6.426906267835992559e-02 5.401717957044487040e-02 2.038360641115605915e-02 1.363368237679272142e-02 6.763316338733001143e-02 8.145676297962393952e-02 3.890721981540236352e-02 5.018904633162515200e-02
8.513507055915606192e-02 4.538267845217059532e-02 9.448030933683460031e-02 5.714739623237131971e-02 8.146697211106099235e-02 9.020920062925823213e-02 8.094653711610175217e-02 1.582301888116439958e-02 6.242264133576818502e-02 3.954743290316659748e-02 6.224706356564004006e-03 4.208821572845541231e-02 2.567623279651856313e-02 8.427308849173431593e-02 3.305720969585927010e-03 9.518585319339510631e-02 3.527288476524882005e-02 3.540569493989562805e-02 1.620719981585495460e-03 1.838562521996381025e-02
