5.714378221894986232e-02 1.323413558107281451e-01 1.418626566329272802e-02 1.346213730819705301e-01 1.238247646022706677e-01 6.467773859296992167e-02 4.652581185271823655e-02 3.314533315628827997e-02 8.750655697329140503e-02 4.710186920114991897e-03 2.222475844829709460e-03 6.106524414695228137e-02 9.694499569922979121e-03 3.587917777779446593e-02 3.149575563088215235e-02 3.605722083808283324e-02 1.866371157871772948e-02 1.714091002517908677e-03 1.644623868640810935e-02 8.807841605129716755e-02
9.267652698429265645e-02 9.420697969729904808e-02 3.891144075768587091e-02 1.550110747462953714e-02 6.076247753338069602e-02 4.664049978037268507e-02 9.411801609947581526e-02 6.212089834956057051e-03 7.450550132747642273e-02 2.743402686944246618e-02 2.296504652849033420e-02 6.302102259452764532e-02 2.340686269548581874e-02 6.334012517889486826e-02 4.920918760684971083e-02 4.034164120630197303e-02 5.276490823555950171e-02 2.730589508355753606e-02 6.721321246996841969e-02 3.946343204135314975e-02
3.106940339964700884e-02 7.140810699081245883e-02 7.970745799801352838e-02 3.964602141721091690e-03 2.004623735245683255e-02 3.003306674685507840e-02 7.022835691173370809e-02 8.492305569115925212e-02 8.349949652597310479e-02 7.798239192251540941e-02 2.555523417775523026e-02 8.548488977951433643e-02 2.149334985874170809e-02 9.126283635574869435e-03 8.194673163361207435e-02 2.011459541760386369e-02 5.943961271106495275e-02 5.028760458620227906e-03 6.296761978704919216e-02 7.598074685957587060e-02
2.315473200336623516e-02 3.221649119033245107e-02 3.181187261679630646e-02 6.364039423131481743e-02 2.021151709291485465e-02 1.460599690651400231e-02 3.818582537773375363e-02 2.587712785471217927e-02 7.132366999266043228e-02 2.020595726569200321e-02 4.269867056583662862e-02 8.011128817352348996e-02 5.388420961456336089e-02 7.371194609487531635e-02 7.990952674285549395e-02 6.380838815825745636e-02 5.945770673989603933e-02 8.226853137815043349e-02 8.451529206000832350e-02 3.840085593999633534e-02
7.815799038663336432e-03 3.229048217860924080e-02 1.680227866884074703e-02 4.604204627682594031e-02 1.447910567182610943e-02 6.662449739341679000e-02 4.221758466608575844e-02 9.874669164989549608e-02 1.067322187153636054e-01 6.031262688049161130e-02 3.030862870192827657e-02 6.531350959776753562e-02 9.889836229123022404e-02 4.485615977395165932e-02 6.088537278923637774e-02 2.995894010543764460e-02 5.022817958007306377e-02 4.430255525108341835e-02 2.739601803945170694e-02 5.578894272982136415e-02
3.062113895346667281e-02 3.680237774134566264e-02 5.179183607100872055e-02 7.405120603804314638e-02 3.290273624272600089e-02 9.117442715227344618e-02 8.507347695031630685e-02 4.803622498411215525e-03 2.502352700189476239e-02 4.401424437894271152e-02 1.032223917014623085e-02 3.437948091173491372e-02 7.301555790218174080e-02 6.713729310159176344e-02 6.140237564427775824e-02 7.009836668055280384e-02 2.021708871171664507e-02 3.371079841153316187e-02 6.671583191611943353e-02 8.674237452171679186e-02
6.485867464351620371e-02 3.372496747553036661e-02 3.606948538689489295e-03 8.474041751980079806e-02 9.405428464681468183e-04 4.445916175165487427e-02 6.329102369190875432e-02 1.100043065242537477e-01 1.067635071489145271e-02 4.842733819985919202e-02 2.900470045536471773e-03 4.087215624438678141e-02 7.422974224216395689e-02 3.329171948389017532e-02 2.502235219064075783e-02 1.380294516713672683e-02 6.885058362578425073e-02 8.294300420047104327e-02 8.016187015353047618e-02 1.131954247398864466e-01
2.715205157957973248e-04 6.500675721924605022e-02 6.030555343340276986e-02 5.913512169820075992e-02 9.670411004627607610e-02 1.694651491242353579e-03 6.995719771983319180e-02 8.172880702858717483e-02 5.120686650649747956e-02 3.354463139914728997e-02 7.943482739107310397e-02 9.767428833016221848e-03 4.439964763610878412e-02 5.222588463016223509e-02 6.970347521875094876e-02 9.128889467175195505e-03 2.287698264780021681e-02 4.121216312227916206e-02 6.260595638324013834e-02 8.908952761216493155e-02
4.964298842304963599e-02 1.070644164155941554e-02 7.866333176919573789e-02 6.993571273955227763e-02 4.032887134764730902e-02 7.399187773923217304e-02 4.343022621897895535e-02 7.406873657171322844e-02 6.657537702223573217e-02 7.767711438745535102e-02 7.378609659792205455e-02 2.890676692823722881e-03 1.402042289822903048e-02 3.121685743387359047e-02 7.638204608130112760e-02 2.406868510174903913e-02 1.287290970649290940e-02 7.110043908270535784e-02 3.581030334079680910e-02 7.283088520348650341e-02
1.654791512711907900e-02 6.827738020576971933e-02 4.546855153509266056e-02 7.899225355381785801e-03 7.192772555407073165e-02 2.555028206082260098e-02 4.091321210115683726e-03 6.190789945070192604e-03 6.307929263903860884e-03 9.374676541562844412e-02 7.641203672024214633e-02 9.274802730924297522e-02 6.946141554065514423e-02 5.462664656707102995e-02 3.144191434801463236e-02 1.030652597743797333e-01 3.740533211283976478e-02 4.860660425651184419e-02 3.906353888635527571e-02 1.011613388117127282e-01
2.002775645326445100e-02 3.760978201489735551e-02 7.801433269542538962e-02 7.247901572054633000e-03 6.963217106121373512e-02 5.477084772498919812e-02 3.256575602975180644e-02 2.733841329617196086e-02 5.899823184317104507e-02 4.218958029853291797e-02 5.234829795089053495e-02 3.869791189912610146e-02 1.112847304228261336e-01 1.530125469910235264e-02 1.110033161926350306e-02 3.937609921639959043e-02 6.777196984382713452e-02 7.558655605384974330e-02 4.555270199998710107e-02 1.145853733052554640e-01
3.232525874779994951e-02 6.626917118691641462e-02 5.856901329892073849e-02 7.468797841874227905e-02 8.967711068075906455e-02 8.173737609990483488e-02 7.023346277765549206e-02 6.414183561457299787e-02 3.081921283320264091e-02 1.356655170889317294e-02 5.753808764996305898e-03 2.222134360286357607e-02 3.970982907372786613e-02 4.795112375928038684e-02 7.101626400311573939e-02 8.807094413697136304e-02 1.077718205785132936e-02 9.829512255915030805e-03 5.416997413943452910e-02 6.847304683847629803e-02
8.133859182155149525e-02 8.974736715336473214e-02 9.431170174458430866e-02 3.834143968680692183e-02 3.647457923165467464e-02 1.417502119924132949e-02 6.568599628501431420e-02 6.298422319835243754e-02 8.267278920500188699e-02 9.327152970417938727e-03 4.773737495376161044e-02 5.572642185592041608e-02 2.316559649880836277e-02 1.620972982525491213e-02 8.243478563619789645e-02 5.613566010636642130e-03 4.513308311059324035e-02 1.110861324735273013e-02 4.383245812044181400e-02 9.397950824504218426e-02
4.408025993470632981e-02 8.917092899832000652e-02 1.220491626195395474e-02 2.821969025005056919e-02 4.200854866396071252e-02 4.159442716148598757e-02 6.984733180017754783e-02 3.586272552911919098e-02 7.425668469614131462e-02 6.649776297884851806e-02 4.152670096912892961e-02 4.491813375284790799e-02 6.393234494550209535e-02 7.286834202018930944e-03 8.555902573356750918e-02 6.797862338817545202e-02 7.556498592017940608e-02 5.585874570823873980e-02 1.149347827719860229e-02 4.213785082837807200e-02
4.551907484955124150e-02 3.604966014561542670e-02 3.363097988595338626e-03 8.278568824361613732e-02 1.232760884108062560e-02 6.808185451068597682e-02 7.896372928959163873e-02 7.127964763773254886e-02 1.077013150495879645e-01 1.159926707630974489e-02 9.737350555753629400e-02 3.277748085178151891e-03 6.006538508654871156e-02 4.539219199516730113e-02 5.886018572923193415e-02 4.099677269217924525e-02 2.139860620430639182e-02 2.147294834040523390e-03 5.818262747045583466e-02 9.463473871298901108e-02
5.542942060205247740e-02 3.309936811538349843e-02 1.196048085205440870e-02 1.267023814686392934e-02 3.288143647790162105e-02 1.485392401800471329e-02 3.936326057541797430e-02 9.824409438666834721e-03 9.743527097773317311e-03 1.271727314474331849e-01 2.407783477802091440e-02 8.312311142766368177e-02 1.148723467749350469e-01 6.778519882273804920e-02 2.277809377459625445e-02 2.964369111723643216e-02 6.430610298027213123e-02 7.845245910504608511e-02 5.189829809020019696e-02 1.160640663577392623e-01
7.196655503393530051e-02 8.884995481161035713e-02 2.774374368693957767e-03 8.582950531512696657e-02 3.761785477487437912e-02 8.416993388315276159e-02 6.619436428440317322e-02 9.461257045233041618e-02 7.275814542893037362e-02 3.493244293166768155e-02 4.801431551034469891e-02 3.606744345215277814e-02 3.496763078607100644e-02 2.500114083515397878e-02 4.752629116822808947e-02 6.532764448318501005e-02 2.657609661240500909e-02 5.024862943703121976e-02 1.124795192413972737e-02 1.531715450656323356e-02
5.003315546403700430e-03 1.037653059902234193e-01 4.126481723397844217e-04 1.908911591071790065e-02 6.551174028824124917e-02 8.697916798920434997e-03 9.426938951762493801e-02 7.692303204077992340e-02 1.033012290257401267e-01 5.426316236405116095e-02 3.211133247581003658e-02 5.873827978123607324e-02 9.949887761560148591e-02 5.566624042699129526e-02 2.856281171319207529e-02 9.378861116752358618e-02 3.975585938861485313e-02 1.478717280734439762e-04 2.647602726739249970e-02 3.401723278052186383e-02
7.074118872384146939e-02 3.776887525787730321e-02 3.662256451142381630e-02 2.768618732726787351e-02 7.254523972979755320e-02 7.784591474466960592e-02 8.170626683131958223e-02 3.103379635823130811e-02 7.958571494299265803e-02 6.523052147274881196e-02 5.565941734657519485e-02 2.017259828184322923e-02 1.783051432244285583e-02 1.367807252305410642e-02 7.601142545637630532e-02 2.422435781385368775e-02 3.732331915155732288e-02 4.068942845886842213e-02 6.410133676028632876e-02 6.954325998497237760e-02
1.695502706519964181e-02 5.204597970593662776e-02 1.027565245893588275e-01 9.973040521089583665e-02 1.248575767974762461e-02 1.906545203123293300e-02 3.708633690629747903e-02 9.187389368032200868e-03 5.177272496531950402e-02 1.312019604448472557e-02 6.927416092465053798e-02 3.005895156335394725e-02 7.271404583403180688e-02 1.432812075862984966e-02 1.189747323872482332e-01 1.136930563709992459e-01 4.776586377169485254e-02 2.952516621958726356e-02 3.052725977813004060e-02 5.893284882516890838e-02
