5.051710988081375281e-02 3.003976183231751168e-03 6.368734968216500925e-02 5.043918870022402745e-02 4.870645584175511966e-02 3.827466873609568915e-02 2.371187709273021513e-02 7.175262669228424373e-02 3.471987402133642348e-02 3.091628528073799356e-02 7.196847010490427243e-02 6.130972905378347798e-02 1.559327839234600499e-02 5.950638931074811455e-02 2.137036216137470565e-02 9.099386658103293668e-02 9.894694520927746484e-02 5.726538658710469271e-02 9.808793489686092049e-02 9.228225591193075020e-03
6.609699045069865331e-02 8.540870560679687459e-03 5.600755345205973845e-02 1.262830754233009410e-02 1.663524290356382940e-02 7.806704447639840894e-02 2.956720168202198185e-02 1.399078194326579087e-02 2.882076190132381449e-02 4.576475715763916874e-02 6.119660400329821753e-02 2.639232714639414348e-02 8.377889117538186992e-02 6.319586223773351885e-02 6.609576464087872638e-02 5.061383030251455362e-02 1.038247465406527403e-01 7.587694674374852177e-02 2.123212653221161900e-02 9.167338860720497529e-02
8.809680530205700466e-02 4.566802127196527283e-02 8.124388381638159018e-02 3.120111735824961444e-02 5.179983395508703375e-02 3.904970329066702328e-02 3.989009954093648835e-02 7.092665669907605164e-02 4.891914753464990384e-02 8.710958394006172723e-02 4.970498848430254801e-02 7.498099927772739100e-03 3.345970566044649541e-02 7.771201830545403089e-02 3.710693410158035638e-02 2.484514901763548115e-03 2.257581329651804289e-02 6.132598550815228020e-03 9.077299166067560876e-02 8.864748240153967618e-02
8.439652443561684869e-02 6.346859526124959405e-02 8.067388920528752172e-02 1.784678600049185646e-02 3.090269824670093327e-02 5.526893007062993329e-02 3.761016653373805418e-02 4.817376664762074330e-03 1.036849333188697153e-01 4.654599503197141830e-02 5.315269167441270121e-02 3.412118433078976942e-02 2.739309666837209251e-02 4.080202551357931667e-02 8.774583170730995696e-02 7.769852179712187501e-02 3.999215232660732755e-02 1.372829128085256267e-03 8.409559903611162068e-02 2.841017304829207557e-02
6.267256640030526016e-02 2.748214568783028180e-03 7.122528975786605876e-02 4.168134118087191142e-02 5.346438747653981666e-02 4.462654541871412944e-02 3.773916737027697282e-02 5.926221880186123558e-02 1.046445703554717277e-01 1.213001225366592238e-02 3.369353884058185616e-02 4.495688485063879108e-03 7.942098518971939247e-02 7.072088119294230035e-02 2.308584508187376538e-02 4.482527034317696640e-02 6.925051114860525381e-02 7.114777332872219973e-02 1.833622199293218416e-02 9.482897081202608380e-02
6.823245203568853445e-02 1.174797972080865623e-02 7.620525734670294260e-02 6.566891364929615393e-02 7.003712834209711857e-02 4.765217037538934525e-02 1.936780772428171871e-02 8.055016487952548765e-02 5.192668230708214622e-02 3.036557040179542477e-02 2.313376231371951433e-02 8.015172228488563755e-02 3.681141305554661708e-02 4.737558497062206719e-02 5.336126597842400648e-02 7.246331683977272342e-02 5.468740211199219631e-02 1.549791469076691394e-02 5.185413346514638339e-02 4.290935750645649693e-02
7.608070350396325954e-02 9.713317241163235694e-02 3.413254375739928348e-02 2.591444225671320906e-02 1.535521849795037572e-02 3.805498204693134184e-02 1.423287342872892264e-03 8.739085701983616283e-02 4.098667230514656257e-02 2.600600428670041611e-02 1.323139096569965652e-02 3.940141432510915059e-02 2.984370534421350307e-02 3.965801141884865710e-02 6.545844921034030262e-02 7.630135260116520379e-02 1.173496758208905782e-01 1.372612621849359782e-01 6.785664512024494263e-03 3.223119018762652527e-02
8.532550015312904967e-02 2.141608970894707392e-02 1.154116504279848882e-01 2.883513330134305705e-02 9.838255159644779257e-02 8.661326309721570360e-02 1.059600419750010847e-01 4.144515029453493121e-03 3.044951169073736516e-02 9.345814676614173921e-02 1.161383827292206128e-02 4.057230825427081064e-03 4.736853030952156013e-02 7.822563267513416019e-02 6.926552435846233119e-03 8.709289037369033482e-03 5.769772307133761401e-03 5.241075266819077150e-02 8.865670591483372498e-02 2.626529180722032147e-02
8.170119249474713796e-02 4.031502592717757516e-02 5.777403255121607573e-02 2.707876261154059869e-02 5.736500837401600772e-02 8.891719637286399358e-02 4.177192510797168162e-02 1.930487999197241789e-02 3.966032812204982327e-02 4.145114481221448544e-02 4.732915874119024424e-02 4.901823339254765544e-02 3.956006265732072390e-03 1.533008068820904471e-02 4.197821039108430574e-02 6.600970375960060754e-02 7.250061811051376759e-02 7.245540625735390206e-02 4.687800561249053088e-02 8.920508041550813394e-02
3.140125548166865233e-02 4.555464982103986371e-02 7.080971544657188588e-02 8.116713334911745958e-02 3.921541714941125661e-02 8.030090437681777771e-02 4.206445160962453411e-02 6.772261919128269581e-02 7.993679918492106653e-04 2.384510472765677142e-03 8.898362569776657738e-02 9.664097171889710763e-03 6.263412533987718078e-02 2.680140018946157790e-02 1.900331816028396834e-02 3.674343704876961714e-02 8.760703690671149679e-02 5.395825423454529701e-02 8.673778201221485351e-02 6.644689834833071573e-02
4.411616228761193470e-02 4.454484445535694670e-02 1.926020841717349455e-02 4.104748060821266937e-04 3.677718775595596734e-02 4.958734261220334311e-02 7.715338455537795737e-02 5.963978770948669128e-02 7.414062574569842134e-02 8.151903534082648173e-02 8.283531091790422018e-02 7.182452454408032316e-02 1.156511467158856041e-02 3.050974472923874414e-02 1.835201110198684052e-02 7.634534846107754458e-02 6.973946769432146087e-02 3.071849091790025341e-02 5.009471654832971937e-02 7.086621672779898351e-02
7.654959122032502228e-02 1.890801083922910575e-02 6.713378834719857524e-02 7.381647458489486169e-02 3.962630431316580513e-03 9.848216092330408858e-03 3.997482570612671121e-02 2.029423157708761319e-02 8.091021949311255623e-02 6.612379916537816649e-02 6.551002846460880769e-02 7.073353737022150534e-02 3.038853500523797449e-02 2.100436312563595115e-02 5.754753277736474049e-02 3.808172466136045681e-02 8.607002377476329069e-02 5.902755361745191942e-02 3.554781656947676033e-02 7.856709717687899996e-02
4.323780151809628047e-02 2.024652073561599569e-02 8.875497198991434689e-02 5.361780153008793154e-02 2.946318469224417508e-02 7.861975901033793623e-02 1.113310002612839106e-01 2.796132135504865099e-02 8.972970101994305614e-02 8.656077189931450644e-02 1.363014126427597970e-02 9.525475397281002454e-02 5.242900195746723335e-02 1.428208081267485531e-02 6.090011630199496095e-02 3.366809127773782301e-02 1.995293005922770674e-02 8.997245334934234062e-03 2.258436698195454354e-02 4.877843802503575160e-02
5.653344824367172172e-02 7.696721315541782057e-03 6.304452556522902040e-02 8.962105917377626713e-03 1.546749615608754638e-02 6.283232857452329678e-02 7.797770460971310824e-02 8.659891388737391005e-02 5.751075844528585196e-02 4.208100399111030371e-02 7.732692779684629571e-03 4.923470963528807365e-02 1.595646527371148010e-02 4.531067192920092829e-02 5.363709892781293870e-02 7.339281991342273825e-02 2.851729716256986777e-02 8.710308402067309941e-02 8.763935504841559310e-02 7.277079860330661065e-02
6.215485873827556601e-02 6.569325858097237181e-02 7.837212380760609498e-02 8.519882156772831672e-02 7.631216244851980746e-02 5.739005190992493149e-02 6.581091936526816018e-03 5.581826229985964449e-02 3.162699566977483778e-02 1.475438232862829463e-02 7.997466626283847302e-02 7.386121634480898035e-02 4.715553815432773493e-02 4.149754004134656449e-02 4.381234736432390586e-02 2.334503576008216050e-02 3.605245475212444373e-02 3.909969770847528808e-02 1.348135800292640405e-03 7.995135852356313744e-02
2.852122810717427123e-03 3.648580409351974418e-02 9.380750150133874282e-03 1.927202666993984084e-02 9.221139719184286154e-02 3.632712721495760105e-02 7.132927867414279310e-02 1.234416961335979383e-02 2.458684476576976363e-02 8.622470363378893776e-02 8.838325373925975947e-02 2.814374886629329373e-02 9.462744333710167155e-02 6.537035840529709096e-02 4.921683245719907229e-02 3.698574689989549136e-02 3.300989109966070978e-02 9.314974237883202890e-02 6.783943412693520247e-02 5.225932387135288903e-02
6.771091325578529330e-03 3.854222186190307819e-02 1.468461590179122311e-01 8.669986732799679630e-02 5.566349541870126150e-02 1.471367918957746388e-03 3.947598061816049581e-02 3.958160709534201682e-02 2.657473699689090821e-02 5.371135977746466228e-02 3.155127073376822605e-02 9.793401501847235832e-03 1.525186005677877515e-02 7.733756364607409506e-02 1.084574604697201641e-02 1.455979342549352240e-01 3.208819504266342132e-02 7.227514480877016145e-02 6.456141964475207995e-02 4.535957690453115698e-02
3.097703193963079540e-02 2.025993011304226196e-02 2.683497529345192992e-02 1.121250914492843455e-02 6.599411291864153151e-02 6.171174236461500484e-02 2.982814755248856115e-02 8.428638476111527389e-02 3.699449238225444719e-02 5.851024533177078685e-02 5.009213155686914609e-02 3.112336170190784998e-02 8.902506676566965260e-02 8.121312630614065109e-02 8.053538168177204470e-02 9.137070836144003949e-02 2.376859975924405246e-04 4.711915144303700093e-02 8.980279423599958621e-02 1.287102014763264260e-02
2.521113491193468018e-02 5.197342393974064417e-02 6.981300173950885646e-02 3.424268122932921238e-02 3.152647290952293596e-02 7.983352553169645316e-02 3.380836269909124475e-03 8.086257105488124652e-02 4.409896057524177043e-02 6.472825181944105721e-02 7.259982649721476167e-02 1.013291957516107046e-02 9.301033791989528343e-02 8.462010854741740251e-02 3.862864687007904613e-02 2.004532078839642989e-02 6.462996960980941889e-03 3.175741804399939694e-02 7.339105683601819530e-02 8.368050797963144660e-02
4.295769641056895738e-02 2.897576562279478157e-02 4.306369791953761766e-02 1.268477089596876384e-01 1.263926206388560174e-02 2.133275221660013016e-02 9.131653888752125359e-02 1.838375085388953625e-02 3.507055858430447454e-02 1.056455028081288855e-01 3.954088281881668748e-02 7.852839664773386685e-02 7.534469626240473950e-02 3.491502917815489382e-02 3.271719173443662226e-02 3.810238070090623402e-02 1.152165205085338984e-01 2.467347333630925781e-03 1.205336858975736627e-02 4.488095189870589669e-02
