2.142060196719594231e-02 5.472834191788785579e-02 5.245344787531620867e-02 4.816555865629519595e-02 2.924313845692669972e-02 4.972971976152047030e-02 7.644739710850956271e-02 7.900239627258850983e-02 5.180974494584199980e-02 7.840243265825833086e-02 3.332709441307591704e-03 1.498031892055409244e-02 7.274831261164055318e-02 3.742207416951337517e-02 3.091023996505409474e-02 5.561816182288447513e-02 3.621158277191198482e-02 8.843636770956245230e-02 3.762639268176711654e-02 8.131106028546336573e-02
5.025661174617380295e-02 7.616772509309985284e-02 4.042598737405039833e-02 8.005080347915122241e-02 4.816420885445472228e-02 2.317079553813309115e-03 6.170718532829482655e-02 7.194033795341590876e-02 8.230455567170986628e-03 8.046244934090993062e-02 4.705482002074191233e-02 6.186010740530752811e-02 1.870758720421519111e-02 7.860334827206608144e-02 5.372791267481951544e-02 4.537554014852163142e-02 8.029100502846893417e-02 4.651553494784295417e-02 4.440256376295944468e-02 3.738736244521852301e-03
5.355557933432709278e-02 7.296025515376890203e-02 3.610989514354805835e-02 6.658571130489499001e-02 5.529233262970120050e-02 2.038515252272962361e-02 5.359723210145707351e-02 4.665513796164549171e-02 3.310237016803155297e-02 6.494972264838802523e-02 5.994128149598707163e-03 3.653805394282658853e-02 4.255023224282310917e-02 9.545588862361317761e-02 6.843562549828241526e-02 6.133811979047053276e-02 1.528526227278093411e-02 4.264659105554965968e-02 3.638746732355137986e-02 9.217524213201150340e-02
3.785568876282365686e-02 7.148661345524039146e-02 5.464214534710692961e-02 7.350865122144145669e-02 2.788441781072672587e-04 7.731257184624780454e-02 7.952844104154201121e-02 1.295265531719639457e-02 5.493432079466255107e-03 2.652498313603697880e-02 4.895260991952776752e-02 4.381753647061744500e-02 3.637638045559828809e-02 7.630008163844129165e-02 4.765021777879985265e-02 7.809411026724707994e-02 4.816667551030540811e-02 1.548111935585214441e-02 8.210207241082730090e-02 8.347516980757427318e-02
4.195819291344751734e-02 7.165172125681479320e-02 5.982297548983765700e-02 1.740886368002538681e-02 5.443225870510332021e-02 6.148436762432742120e-02 5.579854983630254395e-02 5.088690738027152466e-02 5.562362837459979698e-02 6.662959307902198425e-02 7.245499050680832831e-02 8.368761946262313900e-03 8.584850585495758246e-02 4.225487184591585760e-02 6.546707954994743228e-02 3.642955387436418169e-02 4.798250215583933949e-03 6.236769747439302458e-02 3.436405916799765980e-02 5.194917122401775805e-02
2.565016206678289584e-02 1.961610577448589729e-02 2.849960469008549352e-02 8.100099077152966842e-02 8.890488613167560339e-02 9.415522949175778034e-02 3.986519488893993518e-02 7.439278545756786154e-02 1.616937003287045177e-02 7.160919631225565185e-02 4.081536188950158489e-02 8.121501870143182922e-02 1.895646722604864276e-02 7.879263632781381699e-02 6.958840800219555540e-03 8.140895349586689533e-02 4.076173291655382780e-02 1.354154595088385114e-02 2.943407176772850492e-02 6.825184530600009181e-02
5.156891503147362915e-02 2.695405576535867681e-02 2.758972053295323176e-02 8.009723650371496084e-02 7.485076039217605781e-02 7.386643262791979178e-03 9.388767101462330844e-02 1.619849817429423397e-02 2.779756878312162130e-02 1.606608404607847264e-03 5.849852558744030734e-02 9.832650822627572729e-02 1.074325513743406291e-01 5.353615768826767984e-02 1.187283696193027448e-02 5.480668630381630574e-02 3.356290037304524021e-02 3.575133207393250273e-02 2.807429688966727246e-02 1.102005266561685570e-01
4.427365482918520917e-02 3.980997677548504289e-04 5.517487698594410184e-02 7.800580680927789168e-02 9.082551185663342852e-02 8.393135753679017985e-02 7.822466480299006264e-02 2.206892176122150079e-02 3.900362796886646527e-02 5.118766677350253952e-02 1.525834457440561169e-02 4.761215592288996212e-02 1.130632819829976467e-02 9.720746304194690865e-03 9.315560153854191006e-02 1.882166953054765363e-02 5.268009237387129978e-02 6.961861274508987507e-02 1.046061996932818872e-01 3.412606002671097344e-02
2.013187519977015574e-02 9.730417569507657238e-02 3.374394059646536326e-02 3.086148580495444785e-02 1.668690318915408421e-02 4.942693994688789755e-02 2.572870489378415934e-02 3.988791469396472944e-02 3.708523373093466913e-02 6.945703386181034666e-02 4.954035588529943912e-02 7.535426048958331069e-02 3.344061675878971102e-02 3.583313928554018174e-02 1.109600166231358293e-01 2.648444245664353588e-02 8.479300617684940033e-02 7.775993360053064241e-02 7.200829752436546660e-02 1.351172358646015800e-02
4.932347287720288903e-04 6.599278927839097308e-02 7.349283462012808944e-03 2.148432936704997021e-02 8.756167305518904043e-02 8.551578104266627234e-02 8.155123647073025950e-02 5.162776697004670123e-02 4.038346600174479856e-02 4.092390128281298695e-02 3.007207569617580470e-02 8.562546258654195330e-02 7.222658583094954121e-02 8.780045213521313341e-02 2.663260241587917659e-02 5.132559787480739377e-02 6.037336720324105316e-02 3.395700799896576860e-02 5.170862742861737776e-02 1.739475917019303944e-02
3.275845455783545773e-02 1.408441380398310801e-02 6.708687552036750323e-02 3.487453484261271441e-02 4.434019865277791933e-02 3.971973902569497089e-02 5.505504926126315000e-03 9.350035230665743047e-02 7.592660142384488609e-02 3.381937568860662185e-02 9.379733414167742978e-02 7.051486045404523062e-02 1.035008106386450244e-01 4.834558124285801700e-02 1.143978436594552707e-02 1.269124815181919136e-02 7.790931321187360981e-02 6.040395340954433923e-02 2.262842720200479441e-02 5.715263643308004377e-02
5.974587342049292316e-02 9.673125906935707563e-02 5.985397052949535321e-03 1.274877767574081854e-02 4.991203370570845149e-02 1.572203666463768690e-02 1.115002801410957395e-01 2.235690169920199685e-02 6.987588358992782855e-02 5.003110598674333914e-02 8.814925498119847991e-02 5.935025514475944508e-03 3.658196402738392999e-02 5.297616039379829389e-02 1.281447409842688227e-02 7.230543208124247390e-02 6.024327593493913890e-02 9.323903535035302226e-02 4.987639389156303671e-02 3.326943472076337310e-02
3.589433086746180585e-02 2.677654475526055136e-02 1.060136586721601853e-01 9.075646757660076058e-02 3.902662750594357993e-02 5.111392044103691551e-02 1.148897114665537941e-02 6.697028818498433622e-02 8.282450396442758711e-02 2.590191994876972145e-02 5.022551195189002560e-02 7.668187856079312914e-02 5.029689092496040376e-02 6.255761829687507547e-02 2.214041659290683431e-02 9.033440124754953116e-02 1.245511603316457917e-02 5.348657800668078777e-02 3.307906971473199148e-02 1.197528560714694081e-02
7.956213083593807744e-02 1.861747226256715154e-02 4.364005738770394133e-02 5.698416918043021362e-02 2.507287431961037483e-02 4.460683099459156892e-02 4.933151623258846125e-02 4.136621884690967060e-02 3.377232586699917966e-02 2.380898436525794026e-02 8.427055865895706488e-02 4.737964486486648252e-02 6.522204106183063232e-02 4.966125527502981279e-02 2.660266662195943585e-02 4.451207637777748749e-02 7.655565273998665710e-02 8.146389619938972093e-02 8.749027153911662080e-02 2.007935636848941219e-02
3.871333240104767731e-02 1.333911933543113076e-02 1.108254121937404940e-01 7.076319680676172730e-02 7.904642778168145811e-02 4.830403060255376857e-02 2.731238836144603277e-02 4.342484093167676973e-02 3.237423311095386641e-02 5.970511647587592452e-02 9.153305357659671793e-02 9.327828939940861763e-02 3.209744935254909420e-02 1.991449750400854993e-02 8.109314422518697218e-02 4.676639614405417311e-02 2.040450457525157246e-02 6.777297565049261729e-02 1.262000861221178327e-02 1.071158295907100738e-02
1.213973844170971542e-03 2.086081229844906695e-02 4.825275410369780915e-02 1.635020930854757040e-02 6.919220444839485791e-03 4.961299795701591686e-02 9.097808856658844145e-02 1.158539208729370473e-03 2.297538897741373959e-02 9.079421357096469081e-02 6.388985454677940934e-02 8.365745594005609409e-02 9.159901900688256771e-02 2.203539435523376583e-02 7.449680063476017688e-02 2.629341240441603750e-02 9.453257047640674371e-02 9.641817243629142997e-02 1.613894831949665501e-02 8.182217359926016731e-02
4.872294409484748297e-03 6.196634096239499179e-02 4.982209916050452797e-02 6.198485992326970700e-02 7.856084172939498123e-02 8.994378866960832386e-02 5.200265634083454935e-02 7.615118235365168041e-03 9.446547110178171724e-02 6.283662028529819754e-03 8.213291892820288875e-02 1.253373949192923553e-02 9.331463141817546159e-02 6.558857693293185243e-02 3.206607296833940968e-02 8.943915817781651623e-02 1.864888632424760440e-02 2.228557415034383357e-02 3.369079227155933470e-02 4.278251677528525920e-02
1.813644596417262125e-02 7.627998072864496104e-02 3.652740958450269304e-02 7.894361742452227215e-02 2.100441298219133876e-02 3.886135116444969922e-02 6.648415547809502502e-02 8.205460092431607344e-02 3.730122246734429020e-02 3.898218709985705466e-02 7.801826635055125747e-02 3.584654021071907032e-02 3.653010808297593032e-02 7.905329353975161510e-02 4.121145895215139188e-02 1.046962620505082105e-02 7.808358332167582294e-02 4.159196657371490302e-02 2.991666670020372981e-02 7.470310624510957676e-02
1.468441167553583872e-03 8.118259266931998619e-02 7.496636655145133554e-03 6.468025299489108502e-03 8.072291776940820895e-02 4.094712709089265434e-02 1.539530500084441630e-02 8.415015946412210401e-02 2.871780759457728815e-02 8.064410636160118662e-02 3.936439829161576809e-02 3.152067682589119318e-02 4.911740928691377128e-02 7.800398926805354738e-02 8.396352998489910180e-02 5.960260580873902314e-02 3.155258445651649979e-02 7.398371401185797891e-02 7.918601855748154394e-02 4.651195443507787075e-02
7.666715198904472395e-02 9.390100945288028245e-02 7.375050919389106174e-02 7.008184653510962647e-02 4.102096584416450864e-02 6.469206397532473174e-02 2.620205315703192858e-02 1.291672741240215867e-02 2.785598175832173368e-02 4.808052627589568667e-02 3.712558611043736967e-02 7.563564414958894033e-02 4.121605480816294825e-02 5.439710158261495954e-02 3.133870985562707545e-02 9.592266006302436337e-03 7.723223928285938289e-02 2.414712784897330225e-02 5.014971162715008146e-02 6.399672313421721215e-02
