5.677155800750587067e-02 9.806183679166977085e-02 1.557048909715013149e-05 4.115823863291939028e-02 1.997870729725429589e-02 1.257057380697979530e-02 2.535665330720252020e-02 4.704313115187323813e-02 5.401419451437171337e-02 7.335216157646951007e-02 5.706731400864135939e-02 9.328279605387622408e-02 2.783323811336105985e-02 1.195430802579017932e-01 3.728427561109082678e-03 9.127452440642457032e-02 5.681005684890155782e-02 7.605759803114706119e-02 1.911166590271365720e-02 2.696867324058036669e-02
7.262803592834511657e-02 8.782193381055508619e-02 2.842777005632778770e-02 6.279409660936606519e-02 7.948904723193929434e-02 8.114138695459797990e-02 7.713563451424139926e-03 3.542293398883926935e-03 1.540372585263126599e-02 7.964807728233398720e-02 8.920119674217861019e-03 3.819472640214659903e-02 8.688118275497917764e-02 4.835842662887568366e-02 6.275368932331276683e-02 2.861746614474776351e-02 6.226606584790132792e-02 7.570107329675039576e-02 1.658758255729997702e-03 6.803856109493382209e-02
1.135563882022611604e-01 8.591600017582387561e-02 3.220493473666125039e-02 9.063731076805701947e-02 1.185401327547664675e-02 5.143409089739202356e-02 1.043390470365899714e-01 3.371733662942278525e-02 3.304683380724935532e-02 1.493190012075099743e-02 2.224014890350537940e-03 7.795443886790477672e-02 2.430242706949941114e-02 3.049419162688633139e-02 5.645006475760765835e-02 6.127916202544448840e-03 6.592910006712618398e-02 1.684965380809342814e-02 6.767321423510788692e-02 8.035712282519420768e-02
1.000990853165025993e-02 4.050115501234902160e-02 6.792320182792890848e-02 4.051321389251454769e-02 4.886229987477248154e-03 5.241905453617761584e-02 6.492950377070559609e-02 5.036421246184610151e-02 9.239614873751596236e-02 5.737426173630897491e-02 8.836684430577959604e-02 1.344717735450280151e-02 1.362340624334798002e-02 7.897550259288690921e-02 3.889901774972123749e-02 1.617422804254615293e-02 9.072485338932760601e-02 3.401694313787662072e-02 7.344117285780281390e-02 7.101396383173402826e-02
7.826927640046318913e-02 5.526325793891603833e-02 6.654060411774918860e-02 3.091569393192867068e-02 2.391816492503790956e-02 7.938399466897327894e-02 3.793292947736797566e-02 8.549395626764384748e-02 5.878719334698941784e-02 5.508812250531068544e-02 1.016757878423280199e-02 8.413373118209270529e-02 3.986647152312985248e-02 5.125079182214743734e-02 3.616478199637024327e-02 2.100283289757828159e-02 8.004797215072108341e-02 5.083342994536982351e-02 2.543381303471132604e-04 5.468487798763037311e-02
2.831689057034002949e-02 4.569073793857313104e-02 7.680244002505232093e-02 3.097176365893815342e-02 7.876103471485759733e-02 5.403917247453842582e-02 1.371545675264479588e-03 8.057303909272259257e-02 5.989394692087383898e-02 8.645805235692394231e-02 1.494022190205918262e-02 1.188831662289917789e-02 8.084682641593546326e-02 6.040726035914706360e-02 5.721563870903918249e-03 6.549119387574206530e-02 6.535362840941107143e-02 8.001712142149063067e-02 6.168217724771851013e-02 1.077306644660842687e-02
2.094421214816714286e-03 2.761392223028525869e-03 2.982158445484439212e-03 2.593894424786195516e-02 9.060606913274493746e-02 5.676718383557077807e-02 5.824116122692696296e-02 8.871003478652338126e-02 1.308196552382652825e-02 2.941269032007295253e-02 6.171118639362416225e-02 1.021493075168197345e-01 5.910591964981024016e-02 1.964538004434265069e-03 8.434863006711684763e-02 2.454441532291862238e-02 8.503052634932091458e-02 4.086207707990101301e-02 9.097626779810621955e-02 7.871111086109081056e-02
7.007833089018906947e-02 1.719141096095112148e-02 7.548773740600551313e-03 1.528754362437017948e-02 5.612900857677090467e-03 1.354272612430124437e-02 2.843615536850831182e-02 8.982643583667193621e-02 7.051635152649500526e-02 1.581874302635083700e-03 9.067732032756459226e-03 1.218630127305288940e-01 7.157255034158623019e-02 2.561204619109795980e-02 3.178944265368807004e-02 9.371144182182571114e-02 2.462132547411645389e-02 7.324292775290769386e-02 1.222086746184549572e-01 1.066883431506378960e-01
2.658420933002909881e-02 5.472837224579372994e-02 6.871455731490845598e-02 9.188245845014210433e-02 1.737842067498280782e-02 2.058946262396910490e-03 7.761103680871819961e-03 5.390544519463524170e-02 6.720425235091551097e-02 6.305026878274710977e-02 3.517576629811764583e-02 1.095760864698218789e-01 6.425771214743904169e-02 4.213402928550519233e-02 6.106591464139727449e-02 8.261126392222944981e-02 7.417633332631271004e-02 2.936311350815352245e-02 7.352410256346810294e-03 4.101933585725366094e-02
5.999009441506029938e-02 2.002224578131552024e-02 7.171132489842944879e-02 6.338603824687005263e-03 2.479894106049941246e-02 7.666501521969074084e-02 1.842753416935811669e-02 6.091829779382577220e-02 4.998276374748114592e-02 8.810191370169015435e-02 2.508299030054018941e-02 6.283789181232711692e-03 7.002612448803087475e-02 7.356160878650667978e-02 8.648315807632436791e-02 8.878440221196326476e-02 1.329097842623593083e-03 2.232652501632458042e-02 5.875744513551873355e-02 9.040812434889737570e-02
8.599215378733485182e-02 5.037782532718105416e-02 8.286354544476599859e-02 5.806256228391357826e-02 3.529619683481016040e-02 4.398277681123204802e-02 5.469087143942408941e-02 4.973478960650038611e-02 8.382060343026175031e-02 8.314655071438153966e-02 3.573674789921826855e-02 8.717649055302258143e-02 1.574321027265791068e-02 1.143298304754441184e-02 1.222483652969783875e-02 4.576307258677522055e-02 1.948022401202815319e-03 8.579251628996743817e-02 7.485500777809213357e-02 1.359236962016057738e-03
1.605501703120904011e-02 3.025765970169962474e-02 1.193644307371801924e-02 7.376085721164107878e-02 3.141243162091264529e-02 8.566266967915119046e-02 5.303317905910386043e-02 8.007924136215838207e-02 7.697227085421159964e-02 8.249942116733116615e-02 4.190432694445447859e-02 4.978316597890149880e-02 7.276882369199390299e-02 2.603472483429244283e-02 4.467194055619588128e-02 5.459097959508069087e-02 1.415393322095302936e-03 5.407807382288036535e-02 3.951662392786989275e-02 7.356675656509904793e-02
2.795214287341088802e-02 7.917070323027534939e-02 5.123747412634752085e-02 1.631582628976744470e-02 6.986415097654923023e-02 5.426761277509835335e-02 4.780030187369136915e-03 3.725775544138806850e-02 6.021171151492456936e-02 8.145063103238178726e-02 3.564676432902439909e-05 8.660733188476200939e-02 3.339064326431850915e-02 8.634349028025876949e-02 5.361899922316845646e-02 7.349214393772211806e-02 5.095855009458716278e-02 5.569029356897744337e-02 2.532149284884637960e-02 5.203336968551788150e-02
6.606898045712371326e-02 7.560836608948147408e-02 6.651475032819297029e-02 6.149145656512214342e-02 7.615148964198016623e-02 2.842478112721009975e-02 5.908939400720163160e-02 3.971722253293109156e-02 3.365920894342438324e-02 3.618813261575389711e-02 3.536610274245189506e-02 2.795816699958494564e-02 5.478451500151768766e-02 3.790023157100036455e-02 8.578165803891048269e-02 5.970708587030795073e-02 1.749190585230146755e-02 3.758784346266852427e-02 3.024517034505197141e-02 7.026353780778317459e-02
8.135415726594877328e-02 8.355845866234445918e-02 6.126717806150694390e-02 2.498023658615679959e-02 2.333081846830572376e-02 7.903367833825881983e-02 4.878620888846389031e-02 7.415825670214359899e-02 5.292546754447306767e-02 6.777762306556547878e-02 4.798163145577896693e-02 7.126674188325946013e-02 5.258983232039227129e-02 4.305398680391516603e-02 3.168093355776788189e-02 6.305823693315570216e-03 3.493836694825191991e-02 7.361278461244802514e-03 9.085956083462211341e-02 1.678976045828448754e-02
8.142561693071949380e-02 8.775454636537634301e-02 6.904461815361835619e-02 5.711761668204991260e-02 1.614467959478223594e-02 4.682587498645798818e-02 3.461913666930981071e-02 2.257045154596899056e-02 5.942615948869929554e-02 3.131919908615268811e-02 9.190114634195561960e-02 9.123217378743313233e-02 2.578775808422262630e-02 1.112187699741889503e-02 1.935325635287069371e-02 5.010594752580058153e-02 7.307372288833081930e-02 2.088092501389437333e-02 2.487660176221904995e-02 8.541869174271923826e-02
4.443147968101806428e-02 6.588989896385297196e-02 2.496612797318171692e-02 1.089472208590957017e-02 5.511689602708489538e-02 5.098027032379763568e-02 1.631224710912547102e-02 6.643707131334945781e-02 5.812492254647207840e-02 6.989149891241892842e-02 1.544401111968537674e-02 8.029721259182226456e-02 2.372490622145129180e-02 5.549029976034190043e-02 8.390518712400146795e-02 2.385901203976008127e-03 3.465660324420551802e-02 9.326765029290265407e-02 9.025324864025885407e-02 5.752984486514393231e-02
6.984709141737487081e-02 7.655268001064585714e-02 6.660693975820958235e-02 6.884019142792034696e-02 7.958543230436836494e-03 5.249397518770122090e-02 5.670222273429728621e-02 4.918432825781264561e-02 6.444757331554525071e-02 2.786379067412684662e-03 6.207987727489400892e-02 5.897602872268591784e-02 2.093123035907007781e-02 2.071933000258996058e-02 5.096252705240801595e-02 2.783036359667348872e-02 6.420363602959330840e-02 3.595859580527758365e-02 6.308821593459854049e-02 7.983027081485258303e-02
3.057890465301596819e-02 1.456448216805628949e-02 9.179409545068119292e-02 5.515531788336090757e-02 9.927279833784936891e-02 6.483521367534669788e-02 1.012254444442081541e-01 5.561478567909858978e-02 5.361404650817162137e-02 1.379270553779098595e-02 3.622692643358564613e-02 2.670239811281154702e-03 1.633550716366561142e-02 7.593969930671558288e-02 3.096067812587275335e-03 3.733071909485816131e-02 8.782597727053489955e-02 7.054602170925446114e-02 7.036926137806820414e-02 1.921178568186926450e-02
4.673574347328850187e-02 6.150755650854822232e-02 1.046760213168294873e-01 2.156509780571020177e-02 2.620020183341504466e-02 2.772739374250903291e-02 7.933814401900392277e-02 4.832965555455926571e-02 6.020850545175003565e-03 5.378061632014639187e-02 2.241688146710305030e-02 8.446028867740415502e-02 3.144573107358823033e-02 2.919608497209201514e-03 6.276134433441495075e-02 8.924446206342499799e-02 4.029621936044538305e-02 7.930492456886102659e-02 5.405826114151594114e-02 5.721099769684782205e-02
