8.727990206123549533e-02 7.313645794264755917e-02 2.940434824243428735e-03 6.453307793121090818e-02 4.230126323214990908e-02 8.619868706767756794e-02 2.014377320118998851e-02 2.429558669065737253e-02 7.411700331043585138e-03 3.899152715943850905e-02 9.917455356288842547e-03 5.765568854437042728e-02 7.304570117858195932e-02 6.338805869513512714e-02 6.970237861044054073e-02 3.115310906048485498e-02 7.694725212175813900e-02 3.900516780289185054e-02 7.496031693705645926e-02 5.699246125149737968e-02
1.861521549517853799e-02 1.017402046831238603e-02 2.379436928623792843e-03 8.660394695888168348e-03 5.952067393582263777e-02 1.471091527141901896e-02 3.606066324700923052e-03 9.797525066839912755e-02 5.124857441183713197e-02 9.694690767135541454e-02 5.871868865587213243e-02 5.841781962260921696e-02 6.205015733094593200e-02 6.152208672403307321e-02 1.042444630057907384e-01 5.222747347967714865e-02 1.174213488448601628e-01 4.810240756544818461e-03 1.004429747484438529e-01 1.630729095968584674e-02
5.662015617080996127e-02 9.487683484868978745e-04 4.930718174798996711e-02 2.762706984284533191e-04 8.707446944460378591e-02 8.288258704098372398e-02 7.286464674424704413e-02 8.378631885381615518e-02 1.332473565823453533e-02 1.443897380212479098e-02 1.717623539830321136e-02 5.698470832236502553e-02 8.291988707869778208e-02 9.062277660396063361e-02 6.509778738226756900e-02 6.699069457499683133e-02 8.323879378003980201e-02 3.669690455610415125e-02 2.287190660077381005e-02 1.587619719276568003e-02
1.204168144977655133e-02 8.191394159214437920e-02 1.479717601438209663e-02 2.664209509680607810e-02 8.256700580258005684e-02 3.130826299510110211e-02 9.903105712084879497e-02 2.687809806555443992e-02 5.379409224318192073e-02 3.169935608308029062e-02 9.180903325058782649e-02 3.695017017601235493e-02 4.370759758008603557e-02 5.164086499901326260e-02 9.464298546133376178e-02 3.119766256266811102e-03 7.226383441980006872e-02 8.981777453341231732e-02 2.750645962948527687e-03 5.262456089708333201e-02
2.951994479136195448e-02 7.783089036726219268e-02 5.057635899347034947e-02 6.250345202812039591e-02 4.100806170769299291e-02 5.689640421225484329e-02 2.626966468511011607e-02 8.465586821589864922e-04 5.222802291416515225e-02 2.820277099109261970e-02 4.684106802971497313e-02 8.298495600751001899e-02 3.861934255893385848e-02 2.240290057670967644e-02 3.362243523753780106e-02 8.438450443271486301e-02 8.483793632338321178e-02 7.645813632033619800e-02 8.332912415716327292e-02 2.063746698330668622e-02
1.041470758545485348e-02 2.706109558517337879e-02 3.742635840178360623e-02 2.080577876867345868e-02 7.227421673553756365e-02 4.923722886668755599e-02 9.718618592293479241e-02 2.203966924234608896e-02 8.355800403084046035e-02 2.861420124270646834e-02 6.836045786658348500e-02 4.154677613370619249e-02 6.781579551112134480e-03 2.724013815799856617e-02 7.906103373551133517e-02 5.919734247244431979e-02 6.178855945554456025e-02 2.080033508477512408e-02 6.794339944736965675e-02 1.186629317128164440e-01
7.594850676906239606e-02 5.526416869024203260e-02 9.074648183562616932e-02 8.382638224963824547e-02 5.537902655022577947e-02 3.014967110417285032e-03 8.700704240831271669e-03 6.078196307862560217e-03 4.200169377141282218e-02 3.490755314175020968e-02 9.068706509146792771e-02 1.561891762896174332e-02 9.044881178045044434e-02 7.135904131147904894e-02 7.663680523556924695e-02 5.881998230200516375e-02 6.217810030212155697e-02 4.434003967956293840e-02 1.221405252975342340e-03 3.282215074833777502e-02
5.361936919419844905e-02 7.955552436465360144e-02 5.106481624897162008e-02 4.984183810695695660e-02 1.500063468104303327e-02 1.186507814700964083e-03 8.262697004185655392e-02 3.486415864015571242e-02 1.072648737122882390e-01 2.399816499499406869e-02 3.690784680653541594e-02 5.708715726532832824e-02 8.225792173991294809e-02 5.054498488444325588e-02 1.360148255305245087e-02 3.405219875677126945e-02 5.497571603095045834e-02 7.342700523040193716e-02 8.392058784318380538e-02 1.420224108960079293e-02
2.147257864831926630e-03 4.864050671078870569e-02 7.589983251355722493e-02 1.181033505794384410e-03 6.301365427413795073e-02 6.435722953418407388e-02 4.209657851477911078e-02 8.572009361985724607e-02 6.037972846721938180e-02 4.909979545508037042e-04 4.539327202384679100e-02 8.052220568035579895e-02 7.781242806905269704e-02 6.082886611594346543e-02 6.312877805017318156e-02 5.420818912309922216e-02 2.568633951305690846e-02 5.252435230328049431e-02 6.294430711301482462e-02 3.302434904847559305e-02
1.005732474283559941e-01 2.291996162863601735e-02 8.782190873975971590e-02 3.403286191791106419e-02 9.093354480128382211e-02 5.026584056297995345e-02 9.491722295649220043e-02 4.154588767809328648e-02 2.511230485482333213e-02 9.016795617683781572e-02 3.627026650849157763e-02 8.616778836005939413e-02 8.748726437813862666e-02 2.601758253434435092e-02 2.516153207561052513e-02 2.337949931759073646e-02 1.674813852360830871e-02 4.431311580929926663e-02 3.129193817420625277e-03 1.303488193026361777e-02
6.640049399404385211e-02 7.872574768893660091e-02 7.926898254370885397e-03 2.280754284816995103e-02 2.043756563342736046e-02 9.029743597369800645e-02 7.001801715705417706e-02 5.452145458977508685e-02 2.997513077438185639e-02 8.217859124239483559e-02 4.284920275453070471e-02 9.090011726931750136e-02 6.949998360679685017e-02 4.705485895382764683e-02 1.242345120814833392e-02 9.607653481011849128e-02 1.573317426640792605e-02 1.994307541599201622e-02 4.244323820315255846e-02 3.978748535545537091e-02
1.436211280334907803e-02 7.137618329252083671e-02 1.847189498496266957e-02 6.301607199482024690e-02 7.382158663062786397e-02 2.062372638870589928e-02 5.881353057579329774e-02 7.329529999213965641e-02 6.246048808093142973e-02 5.843899930831899375e-02 2.891793592728233997e-02 7.160005890848397669e-02 9.251440856698006643e-02 4.164837492511004602e-02 7.654971130481733055e-02 5.494349633287671369e-03 8.174544416122739299e-02 1.881491357814800425e-02 3.866690659402498981e-02 2.936800234846798779e-02
1.043004907445901908e-02 1.177892203973566754e-01 4.819663692639599567e-02 6.910048112665034825e-02 6.433735916265417853e-02 1.720829578663050918e-02 2.688174798953931258e-02 9.920310479954539545e-03 6.613492226694346610e-02 3.405556266111837288e-02 4.649189383032247685e-02 1.407085405863404796e-02 1.025447026622752500e-01 1.387795876233706774e-02 1.283461140587891791e-01 2.306761030315894467e-02 7.453110906689820736e-02 5.839173080031607663e-03 1.024879910368880209e-01 2.468800726896276318e-02
4.762301005674923066e-02 6.676350571730445271e-02 1.352554423925498434e-02 4.971440093630417195e-02 1.954136341577454930e-02 6.848821484675912674e-02 6.521526440607404440e-02 1.592675330888822585e-02 7.775929662084286875e-02 1.783941401578159006e-03 7.760327039588403586e-02 5.041955148725035113e-02 3.637512385507800372e-02 6.844769921144451541e-02 6.467524105525870870e-02 8.906817579586859268e-02 2.508646952550378645e-02 3.422328807729872443e-04 8.424875569590815905e-02 7.739218514750109690e-02
6.868804416977500327e-02 4.869355726666361323e-02 6.662465985500889976e-02 7.355832356413424811e-02 3.532889396454844122e-02 7.259639698168414423e-02 7.074000729188882619e-02 5.778998157663678414e-02 3.787247184195231126e-02 6.571539598084925882e-02 2.933605794902485893e-04 7.302746932046259853e-02 8.447969959732785916e-02 2.255348575409238041e-02 1.138128792315623236e-02 2.075990679323835505e-02 2.847006742041097854e-02 8.321798473488253856e-02 5.118885207179785235e-02 2.702015331199935158e-02
1.452080437422534342e-02 3.045166734362829419e-02 6.442789918047071851e-02 3.401946251213936595e-02 4.800153675190940716e-02 4.661163015063862075e-02 8.691567728247605318e-02 4.474671695076851141e-02 3.628228983204077190e-02 7.084061007442356284e-02 2.324530963511875145e-02 4.903906917839168794e-02 3.303575018809114250e-02 6.579066877686573500e-02 9.208202365808315637e-02 4.698651271840465632e-02 8.233152584299316401e-02 4.796013458969422549e-02 6.887354353331717749e-02 1.383716742631941818e-02
3.727451415154604125e-02 7.828085505698385849e-02 5.212447928885299148e-02 6.601009452616364570e-02 4.344866849052273633e-02 4.287661513750472275e-02 7.256356568584775013e-02 5.837363704897639317e-03 4.935186619913604911e-02 8.116054933992632170e-02 4.458153843406947869e-02 1.674117358961613872e-02 7.299741068536977351e-02 2.166311175393222099e-02 6.032410655630316559e-02 4.650998655666949838e-02 8.168342316209840914e-02 5.374790117947687851e-02 7.213985101531289468e-02 6.829254857697832559e-04
8.742436416620769091e-02 6.867352489581756390e-03 2.846540755264593756e-02 8.360802846459268467e-02 7.899157990739530313e-04 7.270164303582837828e-02 7.610212426704118793e-02 3.886624122132308068e-02 2.259926788335879858e-02 7.093073856599217686e-02 4.222691847588534719e-02 1.187101176333961970e-02 8.199062368330915784e-02 7.917359070760296436e-02 4.343604803157353339e-02 7.570366788530760727e-02 3.698820999744215771e-02 6.039529477708253241e-02 3.516897792368327280e-02 4.469057330912826198e-02
2.121050930284947358e-02 1.079805997307967808e-01 3.292222912930783951e-02 1.157694626145470453e-02 1.614864489919417070e-02 1.576903465378960570e-03 8.011309152989666560e-02 6.316639045655092488e-02 8.891194992013777554e-02 5.674137066196427437e-02 8.860341148878732309e-02 7.785481807215503813e-02 8.703990577749536051e-02 4.548473342622094684e-02 7.248441895229738863e-02 2.011867246139847909e-02 3.601110000716941512e-02 1.931415991537260152e-02 4.572580215872923404e-02 2.701434238284290690e-02
3.602347283545687118e-02 8.633324339345796461e-02 2.835682194350404653e-02 8.697670899581398662e-02 5.633009955348119990e-02 3.320558069329007655e-02 7.591029731792693636e-02 5.484998696766887200e-02 2.231166402090230955e-02 7.018891922799005978e-02 3.832662975658788357e-02 3.164929399369487834e-02 2.923833664126533963e-02 6.173578501376608685e-02 2.378271654124842344e-02 7.155420815360669096e-02 2.614095088774234799e-02 4.816928591612879007e-02 4.319409336299674662e-02 7.572190478347039233e-02
