6.068958626156770869e-02 7.908797147521108573e-02 6.665553898662453236e-02 6.025495856119968824e-02 4.684912872153085273e-02 7.142507647914660140e-02 4.838982024830564693e-02 9.861516538752661265e-02 1.065649693602151449e-01 4.240221307696751679e-02 8.755153554042956199e-02 5.848692429386610075e-02 6.281621925157614139e-02 1.023554934802009680e-01 7.855398875632069872e-03
1.038409441170173690e-02 2.409634285973016442e-03 9.923186706243454502e-02 9.274094015039392735e-02 1.036882922010064489e-01 1.166320089060507575e-01 9.524394215462424207e-02 5.499924001571669663e-02 9.302368646838807265e-02 1.409597929651560007e-02 7.626596706572753848e-02 1.708488505913044464e-02 1.125859068768511329e-01 6.219402956529244270e-02 4.941952648019338340e-02
3.402399374434261076e-02 9.957272119992334469e-02 5.866462603589656793e-02 7.310520826422721441e-02 2.416520471511147527e-03 7.943292573390109412e-02 7.872046589815018258e-02 7.934270712819967153e-02 1.213736441429863755e-01 8.768761095980166786e-02 4.623562684176492354e-02 5.620584777565019313e-02 8.972102030744399936e-02 7.745483279160125627e-03 8.575159821704080032e-02
1.161151960190563298e-01 3.642593629851088866e-02 2.232248282180683205e-02 5.461371398305173153e-02 6.297340095973184837e-02 9.872468103270404249e-02 7.594009079584054800e-02 1.711284541860093045e-01 1.766818388809629145e-02 3.616521907953944986e-02 2.792935969992326253e-02 1.130801057749258182e-01 4.385526885863667151e-02 8.073771143707794695e-02 4.232019516508895435e-02
2.193505804456439071e-02 1.522986393117005399e-02 9.056215227554717528e-02 1.906686165423876131e-02 2.712497205506175096e-02 5.087770776940136325e-02 1.132828918459357764e-01 1.339829967392685076e-02 1.156219307029141968e-01 1.325992121766315576e-02 1.347345482831097396e-01 6.466577489263561351e-02 1.347761670742147477e-01 8.345823949055940216e-02 1.020056110890568968e-01
7.393438692480908993e-03 5.335630866995044047e-02 2.267711078514796086e-02 5.587184857339753258e-02 2.239998889168154025e-02 5.999289592105844227e-02 7.815770872292693294e-02 1.210250831312368984e-02 1.306465576725640287e-01 1.068989313702653765e-01 5.007020855259255998e-02 9.871958030091582126e-02 1.772346353490491730e-02 1.086620312113741604e-01 1.753274187876157353e-01
4.797061935154234291e-02 1.004997161278545215e-01 1.984633166571402388e-02 1.078656892817475288e-01 4.357922960150532182e-02 2.758524654619864611e-02 8.831805021812182133e-02 3.027826273814906901e-03 1.248231075277759228e-01 7.070522703913568801e-04 1.020666917684041330e-01 4.065822988780390390e-02 1.107066847330679255e-01 1.448878809032577153e-01 3.745764384279974546e-02
6.094530544322700194e-02 6.262556107702513253e-02 6.053219338799730592e-02 2.359733605369050691e-02 1.007807695033615947e-01 4.729644342513501104e-02 8.953220238994528957e-02 7.399016820380620307e-02 3.146256193767725529e-02 8.608266132880838806e-02 4.194195238411664584e-02 9.320215202884198080e-02 6.148642159428469034e-02 9.326902173802242846e-02 7.325524950406057945e-02
1.010325028916142925e-01 6.983765346306150534e-02 1.331884902682973770e-01 8.971190308869324281e-02 5.904568592098353996e-02 8.447440554927929113e-02 2.673733775372272217e-03 4.201127712791517116e-02 9.196634434516393064e-02 4.040964321723134606e-02 8.609345350283968690e-02 5.973018874002332390e-02 1.887239298842504839e-02 4.155261237088393733e-02 7.939971275021598385e-02
6.068512978427929166e-02 5.898563032623285046e-02 6.708648482033972849e-02 6.697376181161331099e-02 4.430849662173756004e-02 9.207912446656849048e-02 3.775015747974278663e-02 4.476516991963730430e-02 9.160429809358251740e-02 8.279952989069828961e-02 7.229233237217821961e-02 1.029372491561969527e-02 9.443475043867809171e-02 7.335560005993445321e-02 1.025858089991574379e-01
1.792987504555229594e-02 1.041523473151522161e-01 1.949488835754855862e-02 7.385099547272513942e-02 1.485514891395702669e-02 1.017387358400819869e-01 9.685709105212376990e-02 6.827715546885855524e-02 4.885131120493878265e-02 8.298224517333625469e-03 8.367315229350782979e-02 5.441322099204813634e-02 8.662772524634466953e-02 1.039431452977970655e-01 1.170369829820300939e-01
1.438248236608193897e-01 1.968648647182998090e-03 6.049728843149557861e-02 1.226809463271955891e-01 2.884378553380974666e-02 8.756450728345238632e-02 9.131947964970098253e-03 3.361106868966320937e-02 3.112740614838180059e-03 1.333874578080450624e-01 3.763239424088771906e-02 5.803920377120097562e-02 1.559717306109299484e-01 1.183826612052600591e-01 5.350795210249161167e-03
2.112746163693421733e-02 7.972511815278558733e-02 7.404861909372476014e-02 3.051760647837965801e-02 1.198437808696216078e-01 7.876139904950121839e-02 6.871258663956768264e-02 7.567542564774557001e-02 9.366224945018980508e-02 4.001724205019036029e-02 5.108499532645108254e-02 2.691938712639470321e-02 2.388539868354178086e-02 1.211469299496263641e-01 9.487179984534573063e-02
8.622027980618901521e-02 3.997838862584148639e-02 4.471463585408136376e-02 1.020124494072253453e-02 7.636833583161799222e-02 5.481220382955953596e-02 1.224138080343906004e-01 6.640694123305358743e-02 3.157345542852099674e-02 4.338400758177975332e-03 1.182215904729640339e-02 1.194339544934644032e-01 7.975770482146492257e-02 9.432802287796678009e-02 1.576304644176524106e-01
1.270582402247955600e-01 2.782739103634968708e-02 8.507142916956307588e-02 3.378366355072863481e-02 2.649476381693409086e-03 9.729826079623110635e-02 4.105747444563348503e-02 4.919754767931156653e-02 7.547975098702162933e-02 1.066216314539711607e-01 8.069694359705530118e-02 1.119590993604998447e-01 3.509482249743548637e-02 1.023875983070697410e-01 2.381667051264042476e-02
