1.384983306761784216e-01 9.993368218794054791e-02 3.132631704919260768e-02 1.377103214058526814e-01 1.062376107745861692e-01 3.691309986944334848e-02 3.100714890023530471e-02 7.532594697847362630e-02 3.730347117502839666e-03 3.015796675337654303e-02 6.173251838858815482e-02 5.438955860520792301e-02 6.738558419064517857e-02 4.035626475971505062e-02 8.529530234306165193e-02
1.101981380008784372e-01 1.499300530551222685e-02 6.599970395284678049e-02 1.684732877664654391e-02 9.144653520063789065e-02 5.052353829422700365e-02 7.212822990970886583e-02 2.338017667004906389e-02 1.847757109381774343e-02 6.225912409246840695e-02 4.536390259177427303e-02 1.199666339754166255e-01 9.762906827981170099e-02 9.550361927483917712e-02 1.152834245813651182e-01
1.257488958418006252e-02 8.323611390266930088e-02 8.810246299777131640e-02 1.449998874181123998e-01 4.403758859642681323e-02 3.630192885263321123e-02 1.511805838882912881e-02 2.476561334215183693e-03 1.401149278606735604e-01 1.009815472224011995e-01 1.183519891630425841e-01 4.246729256493113336e-02 8.839400398420339811e-02 9.640457096905990023e-03 7.320229103300476825e-02
1.007687778918828214e-01 9.035785324668627050e-02 3.486039257311057682e-02 9.912709065314427581e-02 2.388583716249362623e-02 9.786411581504031454e-02 9.704547570716300087e-02 8.238881682479359814e-02 6.499210639465111128e-02 9.012927669942991105e-02 3.020710258989318595e-02 8.751655234872875166e-02 6.369615213502342888e-02 1.364571469727930567e-03 3.579587848823135438e-02
1.877082339078166642e-02 1.244069054155557130e-01 6.061396222061608136e-02 6.302410704324165613e-02 8.102710887294770070e-02 4.670309394678572729e-02 1.734653630006621067e-02 1.041699547137004411e-01 2.405549422776921686e-02 6.478886551828552665e-02 2.842305159751294316e-02 1.239780521352733429e-02 1.092476754824269758e-01 1.232779382070206126e-01 1.217466778497622165e-01
1.673858787498574696e-01 1.429196481506689320e-01 6.151172660854819368e-02 1.497451335592602482e-02 7.519277242130589789e-02 4.287957659117185710e-02 2.446243962615306244e-02 9.864763690914688660e-03 1.339733203026986230e-01 2.109959297000280065e-03 1.422795800661630083e-01 2.713214291989465843e-02 1.468291095827912313e-02 1.654425199291994705e-02 1.240865152684982597e-01
3.876096441164487288e-02 6.643314447539830359e-02 8.804824368188650385e-02 1.359423430831760982e-01 1.148520896885344422e-01 4.270403661808131607e-02 2.077050192290701841e-02 8.747550516029916484e-03 4.764391274908962720e-02 4.140713121536762631e-02 7.205709469926518951e-02 1.079388054589224821e-01 1.098888199381370528e-01 4.478782608724583142e-02 6.001753545431369463e-02
2.725930237791648544e-02 1.186590474188665562e-01 8.554406171727885894e-03 1.048830124145273962e-01 1.171768179132209320e-01 1.169830267315492001e-01 3.903748595834213853e-02 5.625079360351897123e-02 8.842103833947674574e-02 4.105379658049015945e-02 5.580532664385956521e-02 2.965240789747772276e-02 6.919836618794715510e-02 6.713186604147416449e-03 1.203519851569317539e-01
1.094057875633526467e-02 7.376064033117611662e-02 4.361791881967124612e-02 8.210688466365027860e-02 1.363986571347975407e-01 9.177804302015581117e-02 5.027330763672030987e-03 6.118852897632724025e-02 7.250697970522532176e-02 7.622612968601039096e-02 9.687074596275471738e-02 3.946468539813516307e-02 1.831957191728270443e-02 5.582507162404400786e-02 1.359682332407622096e-01
2.124087576108276559e-02 1.026095194491384449e-01 6.172639116746966859e-02 5.186315658624334607e-02 1.001188624471926469e-01 5.205527363401189767e-02 8.219890716890833338e-02 4.529261419384761345e-02 1.026163796498129610e-01 7.832344295903417852e-02 7.941278425496334226e-02 3.719892674436257873e-02 8.590052117326342496e-02 7.219809476034795559e-02 2.724425005032081806e-02
1.682854485107265069e-02 8.348204777170098456e-02 1.005450142772265215e-01 4.802458173798746649e-02 6.195014625410456832e-02 8.991111161860848577e-02 4.792862731028407763e-02 9.978061429622196721e-02 6.035334072802955863e-02 8.603723441584565368e-02 9.526989821623384203e-02 8.548760324017760925e-02 1.671068347537438964e-02 6.592452482633208433e-02 4.176602698080021658e-02
9.297216027780483283e-03 6.286292259210682354e-02 3.834999908663735274e-02 1.258702120477864228e-01 4.937421979656126184e-03 1.421695079631172809e-01 5.268355016292620985e-02 5.288191532485494312e-02 2.420705962049315638e-03 2.746075391902785823e-02 5.948685465773871639e-02 1.377677621715104050e-01 1.476794658804564224e-02 1.401412672277884686e-01 1.289019642889740191e-01
1.202451159284370630e-01 8.649810215385056456e-02 6.162188899254063268e-02 1.626871365118432444e-01 8.756907470407396601e-03 4.131898724714334718e-03 1.135289749052343644e-01 1.802345366447734992e-02 6.670449501116040847e-02 5.855508973377736293e-02 6.703550238541877704e-02 3.469849458654016700e-02 3.186738989233304370e-03 3.057589706219011882e-02 1.637503038801748911e-01
1.199058334792973968e-01 1.218859487698152055e-01 5.034401792722982549e-02 2.005549055493458313e-02 7.861511161442132078e-02 6.034395312422979885e-02 1.217708467618588697e-01 8.037265028661692845e-03 9.639597561719252805e-02 3.549442307037964373e-02 2.971241083900545699e-02 8.153724019238663134e-02 3.028403709078764453e-02 8.195009836250811974e-02 6.366734756729146294e-02
4.817572096124147357e-02 6.301150423460535888e-02 3.260851920761481670e-02 8.026557353735035150e-02 4.712696938815053027e-02 4.095730563494739962e-02 9.413388552124429820e-02 1.050745222435286036e-01 5.226345017017052126e-03 2.642599407250289731e-02 3.959115268752454175e-02 9.257867752641583958e-02 1.119499947474365126e-01 1.100733849178888307e-01 1.028004503025315430e-01
