7.779297037961872829e-02 1.343722425919118280e-01 2.133594073586340292e-05 5.639834014110831073e-02 2.737643706718233955e-02 1.722521470507996574e-02 3.474573270285571946e-02 6.446229479519213768e-02 7.401460839563253624e-02 1.005130514833653538e-01 7.819823912057675963e-02 1.278236152932033520e-01 3.813934907045008621e-02 1.638075759760163896e-01 5.108992337070713055e-03
8.704237595312995512e-02 5.417593088891205222e-02 7.253101656756655302e-02 1.822551056182250204e-02 2.571821009673190897e-02 1.039553874438107761e-01 1.257030159035030792e-01 4.068979441058739183e-02 8.987968019197231651e-02 1.137758249539918276e-01 1.161408843124364099e-01 1.104072920209954282e-02 5.070224989753796194e-03 2.204796355319826873e-02 1.140034509704835886e-01
1.196806625569932225e-02 5.124561473322160332e-02 1.165679149563970951e-01 6.488218488688667074e-02 8.419621474157311380e-02 3.839586725282408824e-02 8.354197351222883428e-02 1.015676351811389128e-01 2.225545108340212450e-03 9.128689265012727982e-02 1.203369195372994277e-01 9.104610461640987029e-02 3.412791390658562185e-02 9.604932796511483906e-02 1.256182469615309792e-02
7.724792573656233396e-02 1.567049172305846894e-01 5.063945469903095853e-02 4.963243870419718068e-02 2.242594923928217798e-02 3.340207517802523500e-03 1.170783540534714451e-01 3.649937325086661383e-02 4.579867183595263957e-02 8.478132565653878627e-02 9.203405902096596647e-03 9.901771640182691070e-02 2.530618862596410029e-02 1.016371697521954998e-01 1.206869013936273938e-01
1.400714327354781255e-02 5.667439209942654738e-02 9.504682451329583837e-02 5.669126642566669344e-02 6.837437453668321688e-03 7.335144020852579771e-02 9.085765960008203301e-02 7.047604257140767381e-02 1.292924994467510580e-01 8.028539939335690989e-02 1.236541817448841563e-01 1.881700908991976867e-02 1.906361107306352512e-02 1.105126162163481002e-01 5.443247689005576567e-02
1.765069594114470480e-02 9.900669121689142926e-02 3.712218713588449903e-02 8.014526617680016451e-02 7.749648885079443716e-02 9.428830662102510862e-02 6.657374705703140993e-02 8.015917831796195991e-02 3.724307369268339135e-02 2.881339105175215534e-02 9.563116939849056197e-02 4.569649612315346277e-02 1.029916300945949298e-01 7.081891090100357611e-02 6.636276742078822677e-02
1.463554586662434501e-02 1.211048478478715801e-01 5.738510464477959705e-02 7.377206809324492187e-02 5.205677151822383358e-02 3.023216546679039982e-02 1.152236724989926936e-01 7.317130374017873085e-02 3.661026338049202080e-04 7.871520417819025117e-02 4.166269472417156311e-02 6.722486926056718548e-02 1.129995754613966757e-01 4.556881452736554622e-02 1.158812595377977650e-01
7.307952017253400989e-02 1.854800790857196553e-03 1.089624205202873314e-01 8.099718596318247754e-02 1.169209795777834404e-01 2.020431101879107891e-02 1.607708694780586589e-02 1.093326750096421940e-01 8.169136202194421381e-02 7.737519343383248045e-03 8.856658614120474504e-02 8.838055038581790757e-02 1.082106289067461397e-01 8.341548750740683527e-02 1.456888569261338348e-02
3.080594754161046847e-03 4.061613937188477373e-03 4.386329549302419965e-03 3.815248576224539168e-02 1.332685991198353237e-01 8.349642731615417035e-02 8.566443773709579712e-02 1.304798031415676796e-01 1.924170462069273863e-02 4.326187056585435037e-02 9.076834961962973458e-02 1.502470556788342015e-01 8.693637398483090861e-02 2.889555084715765901e-03 1.240647991278918533e-01
4.178477900265509248e-02 1.447572372468851898e-01 6.956420993979864353e-02 1.548793562371238719e-01 1.339989699943307522e-01 9.976369865427801853e-02 2.447373846899498356e-02 1.074645441893698310e-02 2.176338785373832171e-02 7.990540622593944250e-03 1.927946100969932242e-02 4.048178658129623214e-02 1.278771534961340162e-01 1.003872659996997430e-01 2.251960473834951210e-03
9.299268558364080089e-03 1.249746770878099461e-01 7.340009217620414861e-02 2.626602716091120532e-02 3.260115798409800314e-02 9.610428068944169844e-02 2.525000926577878821e-02 7.511312119885177330e-02 1.253291651466325596e-01 1.094125357278664112e-01 3.098896904641092881e-02 6.379636168338509439e-02 8.009992936913114259e-02 1.071065392794390697e-01 2.025786562567518170e-02
2.779685373634182676e-03 1.047789676640867480e-02 7.277517645959881432e-02 9.072926317581041233e-02 8.512116762827905136e-02 4.748912823563673086e-02 1.479334601504631030e-01 8.675127945859878453e-02 5.688314798505196557e-02 8.244218552779467024e-02 1.115295363535754036e-01 1.001419379333066961e-01 3.964174229975139102e-02 9.926139221687656569e-03 5.537825343040252146e-02
8.124397201917224476e-02 2.711592291826454837e-02 9.711791472098679767e-02 8.584306405829009168e-03 3.358495253707279027e-02 1.038266469171335166e-01 2.495622127345448887e-02 8.250102837268902256e-02 6.769114632901471196e-02 1.193155216941734903e-01 3.396963752106819251e-02 8.510071494174603277e-03 9.483566502086382410e-02 9.962373528846922566e-02 1.171232574876334281e-01
9.622985301392238122e-02 1.440555850468473037e-03 2.419882509884240321e-02 6.368483841751539087e-02 9.798974032160048808e-02 9.810949417323584776e-02 5.747667365816477858e-02 9.454002686212864548e-02 6.624428352108278906e-02 4.026986027430117659e-02 5.018048502373768233e-02 6.239748042693683827e-02 5.674302638323637515e-02 9.563194595841802148e-02 9.486291101640867418e-02
6.687957504974567646e-02 1.631465364155828823e-01 2.946264769036758407e-02 2.139626834336100236e-02 2.287818338883275057e-02 8.564335110193790901e-02 3.645628604685637215e-03 1.605564963018618063e-01 1.400874843078186160e-01 2.543745465253422627e-03 2.984213335174325590e-02 5.624118080812714332e-02 2.218676724284736335e-02 1.371023981332347430e-01 5.838760379460020133e-02
