1.023965625708524313e-01 6.339301889838740156e-02 9.572243171359323677e-02 9.200852574715105703e-02 9.861538489589878609e-02 5.009018574868921020e-02 5.950812751023090014e-02 8.698395037527173468e-02 3.112051422742872359e-02 5.339844267586731086e-02 6.525513013835360088e-02 1.691885291587779923e-03 6.464203007746623098e-02 4.723605357823431466e-02 8.793775655098724775e-02
3.764577326405187802e-02 1.066266137970263705e-01 6.900631348081795458e-02 2.197405400730520486e-02 9.409260674073399722e-02 7.308728548522282209e-02 6.437715113433935959e-03 5.017851475738530076e-02 8.109276093059529511e-02 1.096972064698389926e-01 4.800884188396366406e-05 1.166422193069016899e-01 4.497031197794486290e-02 1.162868790646263417e-01 7.221373676223130644e-02
9.141088113209372423e-02 6.338318241617119098e-02 6.926861202959465336e-02 3.149533880593442109e-02 6.472006280366228437e-02 8.271761723129106292e-02 9.466082028814959415e-02 8.327571607454894997e-02 7.698660902523285499e-02 9.534080484087084639e-02 3.558750489103810338e-02 7.397925383589964987e-02 4.972551397400552103e-02 4.214094938996484907e-02 4.530713326154219706e-02
4.921284597603668015e-02 3.890451193739578872e-02 7.623406848856095763e-02 5.273915173358604408e-02 1.193673941225810720e-01 8.308395307256713491e-02 2.434043905842497510e-02 5.230445560741020516e-02 4.208693619846794187e-02 9.777352876700186324e-02 1.078690474369630725e-01 1.107917732064142291e-01 8.123533398595868260e-02 3.312177786428310150e-02 3.093478254434836941e-02
1.089354672289730569e-01 6.724409860881309930e-02 1.022154670336720556e-01 7.294941418003146605e-02 9.342076936766371964e-02 6.613511544626439476e-02 9.822996965562376392e-02 7.248679393101234436e-02 5.934313405585401463e-02 4.366717293094583840e-02 8.691583951778826880e-03 4.815703137889637553e-02 1.014636197427357459e-02 1.252355820942158693e-01 2.314203816198151520e-02
1.092017166395873734e-01 1.176895855045341915e-01 9.259728217368164149e-02 7.660171365172202540e-02 2.165199101710704732e-02 6.279922860176410937e-02 4.642849873751289658e-02 3.026973754767550706e-02 7.969775205983846422e-02 4.200287861367817815e-02 1.232506835069651224e-01 1.223535094468559681e-01 3.458453932844674644e-02 1.491579807624739303e-02 2.595508509438327130e-02
7.272115490250428971e-02 1.060553843179731920e-01 3.030548382826390302e-02 3.610460034243884869e-02 1.239722272609053849e-01 6.053234035827468468e-02 8.976675588763309566e-02 3.401323041119683893e-02 1.484269779326826029e-02 7.508988522901909046e-02 6.945424948598651060e-02 2.222339884034310598e-02 9.051220985702920774e-02 7.918794557689561031e-02 9.521843590826792325e-02
1.676625912394981086e-02 8.717190520080407568e-02 2.575612788139230655e-02 6.024113408346831039e-02 9.108877857329363004e-02 2.590171524741851587e-03 3.762374850971401952e-02 1.012528144776805722e-01 9.798033307241478529e-02 6.245529602994008556e-02 1.005204233288957971e-01 1.101707693975273739e-01 9.585735991680791046e-02 9.907134347265639240e-02 1.145353540671308415e-02
7.391492215837790203e-02 7.984040767776583170e-02 6.925472459628237432e-02 9.074636370900997229e-02 3.923402469237941351e-03 8.741249409990406449e-02 8.304207400297825004e-02 2.947253007869400643e-02 2.917416063156114819e-02 7.175854384438976052e-02 3.918695719903161206e-02 9.040288418706117490e-02 5.063203539773796641e-02 8.883230034004580000e-02 1.124061996079221415e-01
4.278467895552161282e-02 2.037799263199730967e-02 1.284343225643482245e-01 7.717093189263701802e-02 1.388981997261374002e-01 9.071462282867480409e-02 1.416302575850532375e-01 7.781379933194206011e-02 7.501445174009155337e-02 1.929815619815635971e-02 5.068714640350568262e-02 3.736083890390394079e-03 2.285593409913470875e-02 1.062515381660743136e-01 4.331883986335193990e-03
5.020598406768902316e-02 1.181169214653845778e-01 9.487715553975269167e-02 9.463943104404215489e-02 2.583787907767998854e-02 6.052832380566011000e-02 7.965957145781087101e-02 1.355678468359972633e-01 2.792935611756754144e-02 3.393236487728026884e-02 3.591025930063223431e-02 1.027522943775791703e-01 6.259262875521229286e-02 7.797714646224178196e-03 6.965226863148771264e-02
2.674289576355113121e-02 1.007594521822286343e-01 3.751413458396214706e-02 3.483035132510517527e-03 7.487304119347260034e-02 1.064668763109981875e-01 4.807259188139186706e-02 9.460920487061011408e-02 6.449043525469526361e-02 6.825158754489710211e-02 1.210512932147480708e-01 1.014352973138315239e-01 4.078183289420030458e-03 8.950299386473233032e-02 5.866897759895050440e-02
1.181113183446784315e-01 2.760143675228782234e-02 3.329034201806294058e-02 1.015567321330470077e-02 5.342703971184392664e-02 1.358911332183156649e-02 7.900108012897184839e-02 1.000888106200501504e-01 8.685569855506132531e-02 9.550771722283098175e-02 4.268666851944603879e-02 1.054348006944193505e-01 5.344573041858378948e-02 1.027122588308027051e-01 7.809231164782427792e-02
2.626334720712279053e-02 1.435405526843725084e-02 3.357037592719909827e-03 1.221855062100929423e-02 8.397496800310132181e-02 2.075495046554319545e-02 5.087632316803604102e-03 1.382287530689891852e-01 7.230424509438311553e-02 1.367779114611460123e-01 8.284348403678370998e-02 8.241900182294623067e-02 8.754369922074321797e-02 8.679866880716458066e-02 1.470736950131068532e-01
5.523345701102589517e-02 1.241796049376760053e-01 5.087097045632261484e-03 1.062240303465284003e-01 1.724586686236286373e-02 8.489880110309461214e-02 1.422625806048680554e-03 7.393339932776192558e-02 4.142526736544457477e-04 1.305633640471315915e-01 1.242778676002677662e-01 1.092565186984821857e-01 1.256329636052440635e-01 1.997970614893808047e-02 2.165044478615132592e-02
