5.132149213028015799e-02 6.598282734137571326e-02 2.710552309476245425e-02 4.759719453821292801e-02 8.320178758143688402e-02 8.351356912419227729e-02 1.170161595118984592e-02 1.931019288510361573e-02 4.795540536419235465e-03 4.107317550796794198e-02 2.783764633670448348e-03 4.256618011984764777e-02 6.048505445528353647e-02 2.594850637229150978e-02 6.301115248952422754e-02 5.505460585882076402e-02 2.234550970393998307e-03 5.207214033447710860e-02 2.415626920786230827e-02 3.867773046346659194e-02 2.641791151500190102e-02 6.458425504821672936e-02 4.103999288946260510e-02 1.461640715770090929e-02 5.074855979303867504e-02
6.166016922098690317e-02 2.420872718111866800e-02 1.753902566711091487e-02 3.065733788689822131e-02 7.399267184482244408e-02 7.712277871132482143e-02 5.313149657519950636e-02 7.134160013724248628e-02 6.683090493025635459e-02 2.986894214087948418e-02 7.286952177105622021e-03 5.163227540064328769e-02 4.408036009516665826e-02 2.857070696175432675e-02 1.778371944693262624e-02 3.212304569317910030e-02 3.705547607756592282e-02 2.127489068551241883e-02 2.305735153873191348e-02 3.616620127657203115e-02 6.799905513249140943e-02 4.632547651256745114e-02 2.240110063867858242e-02 2.196567446570412904e-02 3.592405960155477251e-02
1.703534999432194594e-02 1.670099347051521438e-02 4.263060446240894696e-02 7.234216123936666396e-03 4.010532581327332091e-02 3.003645483147110093e-02 5.869076025412883757e-02 6.193010041409467703e-02 5.731459058233659420e-02 5.715598004630145779e-02 3.098387710238324072e-02 5.541059903259065028e-02 2.818475840026669552e-02 4.750366427057471641e-02 2.702025050862869038e-02 3.691733114525833082e-02 5.102794961374067934e-03 2.012586444894003818e-02 8.057817381783501098e-02 1.912310030882233974e-02 5.734648581035649978e-02 5.394616792152018975e-02 6.003863456157359363e-02 3.940064837551111865e-02 4.948327334157617136e-02
5.362218832363627868e-03 5.810025517573897715e-03 1.593194226172948286e-02 1.215945800694822644e-02 8.015320577558783174e-03 1.035251544660272666e-02 4.430075844765032217e-02 1.503826869130714221e-02 7.623442036502671437e-02 5.457642162710183570e-02 4.331925990701214479e-02 5.662370844548335336e-02 2.112931534263523883e-02 7.420260806670322951e-02 6.719390065289319869e-02 5.815615342145226407e-02 3.845264876636347862e-02 6.742691361106042947e-02 5.963206340431374819e-02 5.287206911538010201e-02 7.318168652562542786e-02 5.073738461555627605e-02 2.930073726766800266e-02 4.426607558235628320e-02 1.572412550163415981e-02
1.567059712042559450e-02 5.920518748772930773e-02 6.404060905950569038e-02 7.931056224525148690e-02 6.942818140794179693e-02 4.435021525215591953e-02 7.325765182216625176e-03 3.988568785388624249e-02 7.570751706038113260e-02 6.425938420521236372e-02 3.957736917124424908e-02 3.714486464196400939e-02 1.778479884329192337e-02 1.445830318602068197e-02 6.006732259293463307e-03 7.280765825297567939e-02 5.223007189326393795e-02 1.169404981146891093e-02 3.378736151671091897e-02 4.006648453244330763e-03 1.708213766234892295e-02 5.961626346353951500e-02 5.312313541884369772e-02 3.907838906783644289e-02 2.241850948324717457e-02
5.193250212963380907e-02 7.615617167566191004e-02 3.467781399007028448e-02 5.584218544002710234e-03 4.596802074457192674e-03 6.598507772554605341e-03 7.641556030506467534e-02 4.305744797691420100e-02 6.668196495439400462e-02 1.353872173316167729e-02 2.072967137214288061e-02 5.509789859926918221e-02 7.130873804689286111e-02 2.712692139361596796e-02 5.149527612992554383e-03 6.880451619585385703e-02 2.316037768663629579e-02 5.900781829021167768e-02 1.258324458904509432e-02 5.533564924090784293e-02 6.699705128182412150e-02 5.789863227288840480e-02 2.859351590431317286e-02 5.786182000679322007e-02 1.110490635069792849e-02
2.282661010268739743e-02 3.051965775091320873e-02 6.380674795888141571e-02 1.118277258398122677e-02 6.401861599093509880e-02 5.811515652020950856e-02 7.067411741064280606e-02 2.674602095932016033e-02 1.490693196275219221e-02 1.749863102021505246e-02 6.021717756906339036e-02 7.020887364276030829e-02 5.083012026541097045e-02 3.509592409654888751e-02 2.087945807117210992e-02 6.064088310583905239e-02 6.344069118604039881e-02 6.701478087493566507e-03 1.570775691336277757e-02 6.050073175548188048e-02 6.170402428428611863e-02 2.288726521674542408e-02 2.031536180092938237e-02 3.133667153031029218e-02 3.923832021401743586e-02
7.295939084466491510e-03 6.389309911272594844e-02 4.082372149949052564e-02 5.916403063730216183e-02 1.762293042845531135e-02 7.369421579891709262e-02 5.733631998289984849e-02 2.619310829480639077e-02 7.241425730964509699e-02 5.347976980226336330e-02 6.417167377667877537e-02 3.473439729144347805e-03 4.247889751802074072e-03 5.670342684545680995e-02 2.326093691100843477e-02 3.945331078299550015e-02 1.192967584216140901e-02 7.466065713156608274e-02 3.838195317308033816e-02 6.328913827556202631e-02 5.652330796726996558e-03 3.656225192551685460e-02 4.754655632515536468e-03 6.750639975530363379e-02 3.403486771950886558e-02
7.523818011740126058e-03 8.395985309881448533e-03 5.913614498260335445e-02 8.293924919461480305e-03 2.017025711161224769e-02 4.789314666812925086e-02 5.463503859546849084e-02 6.402243511939922915e-02 6.810547127182396687e-02 4.091858819264183184e-02 6.791053243521534555e-02 1.725866672063790935e-02 3.023892197708281243e-02 8.766474217612620079e-02 1.680258806161267354e-02 2.451120947241865883e-02 2.666850159993501557e-02 5.262917576368947303e-02 8.182609562794558383e-05 3.326877201927265059e-03 5.065803701455902364e-02 1.783774637642135397e-02 7.457992715194175504e-02 8.727909161270024085e-02 6.345734615734312245e-02
6.687002831930968783e-02 3.762908960977751766e-02 4.455936189833547070e-03 4.229362632902784053e-02 3.580251571240283814e-02 5.746061621454368051e-02 1.291828618831305370e-02 2.191700553821247094e-02 7.842151671049435446e-02 2.544091316154669866e-02 3.949266964170332350e-02 9.008583910348068324e-02 2.652148800106601811e-02 1.398392835312287259e-02 6.756832522002105545e-02 5.457925706218759443e-02 5.886493770787819962e-02 4.045402817598082144e-03 4.016127753395665190e-02 4.106375291702381650e-04 2.372864828552236766e-02 6.795678904740720672e-02 5.923196406864726302e-03 2.836378235025080463e-02 9.510428696630861267e-02
6.936221890879920582e-02 3.441224227765596333e-02 5.254134855850901842e-02 4.518266462327519273e-02 3.325861348771088494e-02 6.120950249085398143e-02 1.232081433074014992e-02 5.916449866299335059e-02 3.004498254557839195e-03 6.191562536748940887e-02 4.827795516028902251e-02 3.184605041312917745e-02 4.796183723900043772e-02 3.287834642954928083e-02 5.570584422017229448e-02 8.101887636007002597e-03 3.629130977746698045e-02 6.223956409254426114e-02 6.624177934864426687e-02 1.573585981330366534e-02 1.799222078295067279e-02 6.456226906726922343e-02 2.467596862887252995e-02 4.061694438513828789e-03 5.105538598970232878e-02
3.059462867489759139e-02 5.428558564647654322e-02 3.522146988899158698e-02 3.695444096514829968e-02 3.082666561997396762e-02 2.144515707614770561e-02 6.649531970494458599e-02 4.937349533908797633e-02 5.823584544543249086e-02 6.612830892688577322e-02 1.847029309092145313e-02 6.790610395843170444e-02 6.368214610616228233e-02 3.736193546834321727e-02 4.192559232728843011e-02 8.484915847444462686e-03 5.626348954475052233e-02 1.278840152892184862e-02 3.941064719211843231e-02 9.334281774796997222e-03 5.383131951949401452e-03 4.496168087703103500e-02 3.626325641946247930e-02 4.981809809924679644e-02 5.838510852514436356e-02
8.060936976555301003e-02 6.897096749245290939e-03 5.177801788712313447e-02 4.732896575495479374e-02 5.337185647175372166e-02 4.455674245360141672e-02 4.572057156820578255e-02 7.124710770076216060e-02 3.707828968528797953e-02 4.388378254134285561e-02 5.667941141841659897e-02 7.341229951051483557e-03 3.543062062137119356e-02 8.378019689983121424e-03 1.130447746425468532e-02 1.743585113467595316e-04 1.720211540421576549e-02 1.777064766120849473e-02 4.234727987146836431e-02 4.677390023157942250e-02 6.758912876039187279e-02 3.992467847866302405e-02 7.312558054466623825e-02 3.240664150219702694e-02 6.108010931135580274e-02
4.088849472106306088e-02 4.614551532967131608e-02 2.000140475555216638e-02 6.935566683462823789e-02 5.693280741047949262e-02 1.076993823926047054e-02 3.975503153462595085e-02 7.366018660695947129e-02 3.628789215538514006e-03 2.240015317026822217e-02 5.479935892900797412e-02 2.911640341944661883e-03 5.523266547216201111e-02 4.241705098006855190e-02 5.412564553516504423e-02 4.074612351575847974e-02 6.948944278991950330e-02 2.562398572288674542e-02 4.249458682331688081e-02 3.756290589995825435e-03 4.093846803354416614e-02 3.102328513496979689e-02 7.272632727465802582e-02 6.994835254696643578e-02 1.022878849158893530e-02
3.810035902147087313e-03 1.104816172747135651e-02 1.764655884245169143e-02 6.648284220861742921e-02 4.980280146389267498e-02 4.897400723790646532e-02 4.252974373374528855e-02 6.128756263775019799e-04 3.593197235890867314e-02 9.145578886252683781e-02 7.510010245810500029e-02 5.244710390889696650e-02 1.798676906456470742e-02 8.427171671978356260e-02 3.883194349426395686e-02 5.670125603749463089e-02 1.859511077365223752e-02 3.003539573505486018e-02 3.158151670863804800e-02 3.614070919829961287e-02 2.035395414782396103e-03 6.045673896121075280e-02 1.556309233143677966e-02 5.523393556385831210e-02 5.672442566591302110e-02
5.732272431153253439e-02 2.397790096888973224e-02 2.398618026536090617e-02 6.205575780238103273e-02 3.188697115215334554e-02 1.252263940059653025e-02 7.435434510262782515e-02 1.074562555911460788e-03 7.281180070244845648e-02 2.400464344413628937e-02 3.136137362794855915e-02 8.036175295050679290e-02 3.586656097134751503e-02 5.879929247764837524e-02 3.387124644233135279e-02 7.503368013670586034e-02 5.909567995035738125e-02 3.948183904487954227e-02 6.917583510441706850e-03 2.986723340461205911e-02 4.029620501623624312e-02 2.331531403545110750e-02 4.391294182179746736e-02 1.721978600149915231e-02 4.060198490219894124e-02
3.980733562268674863e-02 5.076588915062472257e-02 5.619457654775125016e-02 5.503413604844201168e-02 3.197492021017076663e-02 3.437513046991501342e-02 6.585539437100013105e-02 2.735128503674974509e-02 5.564172639201098863e-02 7.494465639040703842e-02 6.972309751455404991e-02 4.140803259721873020e-02 2.300293915859688912e-02 4.691735646688569711e-02 5.159082983329173894e-02 3.972870633535903473e-02 2.574458542296059749e-02 3.433549242143793534e-02 6.166362732596630813e-03 2.196033031807266209e-02 1.092404735642590885e-02 5.024727480185128131e-02 7.231852217210510414e-02 1.185422768133417848e-02 2.133144947551129152e-03
5.068312085532958311e-02 2.421256903273546687e-02 3.459054692151666832e-02 4.173571256524274964e-03 1.215295764778755692e-02 4.754851091187707601e-02 4.137541828780664371e-02 5.834373217281615259e-02 6.583055459995794390e-02 2.458520168978759954e-02 4.240348826283163453e-02 3.060560999415705766e-02 3.456529865581663141e-02 2.676514340132814945e-02 6.681987007707342052e-02 4.263519958350613787e-02 9.700042796946018592e-03 4.770042887548971849e-02 6.602423654852443424e-02 6.117666557267993632e-02 3.814812828342372536e-02 1.005980914541885216e-03 5.507143355844609095e-02 6.370699964447064378e-02 5.017529045462551518e-02
3.377573778375751040e-02 2.998740094364606146e-02 5.863012448128550325e-02 8.492187479838750330e-03 6.178689346533289967e-02 3.927588631313463918e-02 5.521165951118605503e-03 6.480651979879899216e-02 3.084301803656762722e-02 8.406663205372888817e-03 1.368487675066334605e-02 6.767166113693771912e-02 1.360167662355216307e-02 6.175182413835585832e-02 6.331604276549514243e-02 6.812432442302503860e-03 3.428230721878802734e-02 6.198083983648708384e-02 3.858735784541442865e-02 6.819002205359553370e-02 2.989922337846873807e-02 4.947343125773101535e-02 1.681257000572864910e-02 6.631920591449594338e-02 6.609093117313037669e-02
4.942318406189869645e-02 2.822037969461818271e-02 3.035857957792142958e-02 5.194296779665608793e-02 1.121597796770341243e-02 4.458759670197690039e-02 2.580420818531272559e-02 2.983539323061868906e-02 2.811125031828604071e-02 7.289321681855055746e-02 1.532922012464280233e-02 2.065267335535491897e-02 1.436617370094678096e-02 1.318987289395914765e-03 3.717473404581761454e-02 7.371516660185427339e-02 7.885124670861448637e-02 4.256928458068415244e-02 3.680540409368553145e-02 7.583065613685111006e-02 4.616173507621031125e-02 4.792370684849720647e-02 5.671459026070280185e-02 6.953828006670552571e-03 7.323983881652880445e-02
8.899102566273808107e-03 4.479901424523032027e-02 7.793093282009687373e-02 4.617796234377826575e-02 2.879946183192861817e-02 6.115166068935330712e-02 7.582740908661816936e-02 5.186101731165668194e-02 4.703255241757415238e-03 7.395860486114122501e-02 1.512942891331960906e-03 5.707912715592618896e-02 7.574589995908416473e-02 1.325027345373223399e-02 4.444921932547409027e-02 5.933584844570518463e-02 1.477067395145548884e-02 2.063529112179900149e-02 5.602384315883799336e-03 1.338130250396984272e-02 9.944260695186689369e-03 2.445982988066788127e-02 6.316661330567505117e-02 5.837896418906390883e-02 6.417894780720982684e-02
4.719724378613275595e-02 5.682539634780101739e-02 1.065743767726026053e-02 3.965969957775137417e-02 1.535389648803149295e-03 3.517727632230686213e-02 6.034428733210282780e-02 3.379091841470260177e-02 2.114840979346550853e-02 1.965085279532114565e-02 2.815686941515486638e-02 6.538166492606770075e-02 6.970835576154751911e-02 5.354486529819271062e-02 7.065378383992877709e-02 5.453618000203309252e-02 2.033664757461368239e-02 3.112899134579747221e-02 5.173944633527480935e-02 5.075143807894788583e-02 4.851808805680507541e-02 3.490712802999092895e-02 1.024073247291744891e-02 6.865965027809128873e-02 1.574924688898936970e-02
7.425916304043246596e-02 9.661560305436977386e-03 7.433129197062317284e-02 2.851798627334107064e-02 6.148707024052346704e-02 5.529054311682173603e-04 3.374097878163885567e-02 1.887533508626551212e-02 5.266049073902207694e-02 5.027220591497465890e-02 3.502369914685809354e-02 5.357874874990735392e-02 7.417403502076455601e-02 7.070244908759946469e-03 4.266338674311476870e-02 5.125291422354588677e-02 4.801208231943379645e-02 1.988457026750315576e-02 6.634099966106735136e-02 1.861673450351675890e-02 6.406691869425619468e-02 3.569172123047975598e-02 1.084960246101417114e-02 6.248739324169146070e-02 5.927961044660274431e-03
7.686620760792096940e-02 5.801417026143238648e-02 8.476272992197260436e-02 7.766049129773372472e-02 3.886587459545183532e-02 1.307150147919485146e-02 2.573760727332221124e-02 1.278736086146060327e-04 6.317645901899675287e-02 8.268049985238903887e-03 1.733511039336089327e-02 2.368636764881620546e-02 3.926536471096452735e-02 6.640552966064709739e-02 4.297481984830928137e-02 4.870872712324302717e-02 9.012104856801551531e-03 3.269780305933446540e-02 1.998243334135322083e-02 7.146596407238937909e-02 1.706801566811381229e-03 5.963696025889296537e-02 6.747751085312495012e-02 4.879308296556207625e-02 4.300454590509992028e-03
1.895254571008184175e-02 1.795115467387460584e-02 2.021115332005869736e-02 1.986566055594098795e-02 7.342087873972250045e-02 5.971710653071352071e-02 6.724622943874895842e-02 5.385542869825608175e-02 2.616613984779117205e-02 7.109140017056245209e-02 3.656683097755569767e-02 1.399668908253832132e-02 5.506283644014210027e-02 1.957243221776535161e-02 6.210410836193259315e-02 5.589158742975403743e-02 2.190441346732804884e-02 3.469399100740794967e-02 5.397577653957456867e-02 5.042202276953428736e-02 3.974631235624937614e-02 1.616357686574623406e-02 2.448528812679352101e-02 5.244320616378529004e-02 3.449323050814174368e-02
