6.215905737770185263e-02 5.923717434343873933e-02 3.079565364014660162e-02 8.580846875147776776e-03 5.894886191432429506e-02 3.078973756539161652e-02 4.891994590833499690e-02 1.082325343684050097e-02 1.264388705186583924e-02 3.669995454995161194e-02 5.796109081609369246e-02 1.017119247538696147e-02 6.705889282696643472e-02 7.371907818960335423e-02 5.824199057345791353e-02 6.490817267194400053e-02 2.064985682808767944e-02 8.682057074541268959e-03 2.849912937423291701e-02 1.087058383810677979e-02 3.606359716897392792e-02 6.590527708141523389e-02 2.434001787247917770e-02 7.410703327812988295e-02 3.922365726743708841e-02
1.229152840707842601e-02 4.876064604102599287e-02 3.329189348482380906e-02 2.507038093026394895e-02 3.920296190722705881e-02 7.524028583539063564e-02 5.708149783724671134e-02 2.228634654391293754e-02 7.040942144542385039e-02 1.398150360645935078e-02 3.098534970378158393e-02 2.828664448292744077e-02 7.483217035468350820e-02 3.430256988601196799e-04 4.929097732731945597e-02 3.861657155450592266e-02 1.183823742279224191e-02 4.871495260240083641e-02 6.133101697050195866e-02 5.822775096584408006e-02 5.893170082464543533e-03 6.036239798040210491e-02 2.626060732647169868e-02 6.472748320830210012e-02 4.267317827988951345e-02
7.242397105674228293e-03 6.747926242022274368e-02 5.106532611599496480e-02 4.090226471880358677e-02 5.784849678077250840e-02 4.020284395811423578e-02 3.345673183838349888e-03 8.269697762404301655e-02 2.607704302919350639e-02 2.531039333214292822e-02 4.505333400618953196e-03 6.500069222655112389e-02 8.240247477143280985e-02 4.194667437020280221e-02 7.376496357531321657e-02 2.979280207594180857e-02 3.485952084830788028e-02 2.643207802705347526e-02 2.672335338025624493e-02 5.085645603204363291e-02 2.953243118740551953e-02 5.961556291680889311e-03 6.254280088395508530e-02 2.796458728524551379e-02 3.554359737519097173e-02
1.722664287303440553e-02 4.564786441085663150e-03 6.050194303520190636e-02 3.913467278541014199e-02 8.621869860325133417e-02 1.749945158490109421e-03 7.627862020328463055e-02 1.714329417653648758e-03 1.599438110551115733e-02 1.279430818259426166e-03 4.710304965711600844e-02 3.270727995693177570e-02 2.943788479185766374e-02 9.010255605000039303e-02 5.345240457947803003e-02 8.565951476431082900e-02 8.220262541054623728e-02 3.139997506403687660e-02 6.043376632832519330e-02 1.803673719954316731e-02 3.379783746824601559e-02 6.332256780506248517e-02 5.259922514468413218e-02 7.855538535522638838e-03 7.225586803156041661e-03
5.930305393620264459e-02 5.392345650311943656e-02 4.988641800520250691e-02 1.698481244406034596e-02 6.028885093745812995e-02 4.437649158749101819e-02 1.131546672724069794e-02 1.278150898900103777e-02 4.775015969914320896e-02 7.524571513944541823e-02 4.507878672165324674e-02 2.270333270180538085e-02 5.508038798639891542e-02 1.563057446477995535e-02 4.933209345957557251e-02 3.183621225047420650e-02 2.369215118513645114e-03 3.971980374391326229e-02 3.903612761861346286e-02 7.014231184578673117e-02 5.467779188997510392e-02 2.336978216296352676e-02 4.962310445936397862e-02 1.922935849838649722e-02 5.031518310943198374e-02
4.269900174394267861e-02 4.362508622460121305e-02 1.143905348167008861e-02 5.045464386093846676e-02 3.817538493340374289e-02 5.269952994506751226e-02 3.171360220516397047e-03 5.203990374249583412e-02 6.746330685161937291e-02 4.157796782313145922e-02 9.949794376811213828e-03 6.558277840978508910e-02 3.945158679099958210e-02 1.969501443206348248e-02 4.416851849149921322e-02 6.097663859406560194e-02 7.688612592148009496e-03 3.973296101028007260e-02 4.492079484021686830e-02 6.574921174030380622e-02 2.711127716667823852e-03 3.602485910492818355e-02 5.201225293607628780e-02 4.683451409584390296e-02 6.115609604092415996e-02
5.243580622578256772e-02 5.045424672908715991e-02 4.871875098517962355e-02 1.315516837627468336e-02 6.827145209487510413e-02 4.120643941622877116e-02 1.705515080186739306e-03 6.553837721721350595e-02 5.500035043248125560e-02 5.251326936694484387e-02 4.134764322006978347e-03 5.635075335574580430e-02 2.700040012347984172e-02 6.505992862935791599e-02 1.246562515749423568e-02 2.679427933174035811e-02 8.236033344430919792e-03 1.466276855289835998e-03 2.584631499224217255e-02 5.586608834943908308e-02 3.353176492275313642e-02 2.379954919890094750e-02 7.478739278515750266e-02 5.804847808742698984e-02 7.761297462027996752e-02
2.185866025460854803e-02 1.399957886299288412e-02 6.987047930817204267e-02 5.732630100684383417e-03 5.667615940554299875e-02 6.834993437041629594e-02 5.181127465303186214e-02 4.144817669149086781e-02 2.662134527482264840e-02 2.132321850646011138e-02 4.841225982677583618e-03 2.733716148535032461e-02 3.628776813311750116e-02 1.795225867981892556e-02 6.996137441688238257e-02 7.204879697323007814e-02 2.088712171429716810e-02 4.331038551766785982e-02 6.369624736786995423e-02 4.211679213573128744e-02 2.538835699161121062e-02 6.103262124580017406e-02 3.814962274728817687e-02 4.468275280774695879e-02 5.461605637268791835e-02
2.082694365246621701e-02 4.957440141330304861e-02 1.925570132562195655e-02 4.713727376144717651e-02 1.853885563221356614e-02 5.752488942081867423e-02 2.509253747071960722e-02 6.938651719973293330e-02 1.252602316480527778e-02 5.160699872096420615e-02 6.176813108631440397e-02 6.294450310751217859e-02 3.756953609762247320e-02 3.968892750778232892e-02 2.125544549577410014e-02 6.188764791018849798e-02 5.507153837082177233e-02 3.708832449194648939e-02 3.633826634172883374e-02 6.642691581636472886e-02 4.052180580804135013e-02 6.780024988420107861e-03 7.815118257560092416e-03 5.538467591561811038e-02 3.798899704221177925e-02
4.521181713446432993e-02 3.518069573775073344e-02 1.844548100616471859e-03 6.527379563203541957e-02 3.100538239017997313e-02 3.772196386684720931e-02 3.581359263798369191e-02 1.086525059925937120e-02 7.827429437355190589e-02 7.796523066516400369e-02 7.943387702686203816e-04 4.434285160986638566e-03 3.138203948536269494e-02 7.978295707336696685e-02 3.915252298989821411e-02 7.497872291792780086e-02 2.776747115820295611e-02 4.025242964035316562e-02 6.735182863201684411e-02 5.352158594563959093e-02 2.491155242165401726e-02 3.710866834242321222e-02 5.071742016245694984e-02 3.257726316842034231e-02 1.611034299316873794e-02
1.417937253045998582e-02 4.672282665412057917e-02 1.327655082241574296e-02 1.170197228194568353e-02 1.812222170324039733e-02 6.239746986376840110e-02 6.254821753426001441e-02 3.027108293449386547e-02 1.375398692546783014e-02 2.797372485688744831e-02 5.570279850844010033e-02 3.656960463678421425e-02 5.681699764652101831e-02 5.553881093369466421e-02 5.136445152393396413e-02 5.576606235367857767e-02 3.235712586908966876e-02 1.065004815961078516e-02 4.917623115329228939e-02 6.260668456507430257e-02 4.178292582305923736e-02 1.559194173137990781e-02 5.855385848394904086e-02 5.827577652334107322e-02 5.829925598109118173e-02
4.751074375897618857e-02 6.724164137716444334e-02 1.668065470228462938e-02 4.120520634716274416e-02 7.118927445542656829e-02 7.129489076617152865e-02 5.740097733460713947e-02 4.206406771409306605e-02 4.498047573410202116e-02 2.811463689056503332e-02 1.596037864778946519e-02 6.424541425659803517e-02 4.192811489976728395e-02 2.571513424467071832e-02 2.345520847065536707e-02 1.235840794373959002e-02 1.326088909497514373e-02 4.784490685199074139e-02 2.052010589671123680e-02 2.270709717742573977e-02 6.056086695427027877e-02 6.706063928497500194e-03 6.801710849340193710e-02 2.974096753538644014e-02 5.929676652356719729e-02
6.497255839627569252e-02 5.382224807402179179e-02 4.162971379683760680e-03 5.162908651528740067e-02 3.521502625054299951e-02 2.448085018563404477e-02 4.091808276327486144e-02 5.240687666792269439e-02 3.076296776585237674e-02 3.224067858025166100e-02 1.698667220755950558e-02 1.312812683291127505e-02 4.910956340600289294e-02 7.686513296235361614e-02 7.735962306268048989e-03 5.180532126658592834e-02 4.729086926594733287e-02 5.895813776273733237e-02 2.516688001982086975e-02 2.063118210926867188e-02 2.264155244476462325e-02 6.606871370164431323e-02 6.693684802488450436e-02 6.409332870767470158e-02 2.197036240282915567e-02
2.926729918835415528e-02 2.248273639407282962e-02 5.316572834466253700e-02 1.821158945439671148e-02 5.755506035234489448e-02 6.142100851056384730e-02 4.131333658288473959e-02 1.351740601224029822e-02 2.033504675435258285e-02 4.393590943906982432e-02 5.694398046971443222e-02 1.555668488209125191e-02 5.020996300829008718e-02 7.037955293733713646e-02 5.671780433917136821e-02 6.881620658935500012e-02 7.426615486175110192e-02 2.126123400080625475e-02 1.611465652468033888e-02 6.976128167255765677e-02 3.017192104512969597e-02 8.358847010443096887e-03 4.829472579215237510e-02 3.706692149995647473e-02 1.487494433362120463e-02
6.925749775007186693e-02 3.627096365885017215e-02 7.492682108989083545e-02 2.126476645003874330e-02 4.507719202794997250e-03 6.861214887244286575e-02 2.239411017709068072e-02 6.983381880784492179e-02 3.663385067813845763e-02 5.241240640388567656e-02 8.786755844177044500e-03 2.000257952667491151e-02 5.131933178392694694e-02 7.198620833638023908e-02 6.198708449429983502e-02 6.837652231954531590e-02 5.856184832852357608e-02 7.347885100308053363e-02 1.799653883209472241e-02 9.250911459527605754e-03 1.818183843242668699e-02 4.385058794411699629e-02 2.802247955734016999e-02 2.658285160981368241e-03 9.426073885854743817e-03
2.456759162238893179e-02 2.930634149648754863e-02 2.774517691987517937e-02 4.940947541020723754e-02 5.726621109094100215e-02 7.381266610812678430e-02 3.319226368703865476e-02 8.195397253700785478e-02 3.329437335613672638e-02 3.698828260024062536e-02 3.619463427812382589e-02 6.680958596317168596e-02 6.446185104033588797e-02 3.690093114478437686e-02 2.993694155373114590e-02 7.204700955980903460e-03 2.217520002857609196e-02 6.598793620970693635e-03 2.905934956138772965e-02 1.654739676204190421e-02 5.642504184810966106e-02 6.520248213520431213e-02 4.268204137841051515e-02 4.216004915192561597e-02 3.010464574879498714e-02
6.340335073245333131e-02 6.566656694067958544e-02 4.245981877712878133e-02 5.593874892846855545e-02 2.483235873641766525e-02 3.885886692838644296e-02 2.441624881828625970e-02 6.273603717187173356e-02 4.017513473004918900e-02 5.910532631218758104e-02 4.085382569202959668e-02 5.603694498990771655e-03 2.038085689576292839e-02 3.920773854054158958e-02 6.052630905812881462e-02 4.341442162508150904e-02 2.342251528313896158e-02 4.348821133445224252e-02 4.181818854267482788e-02 6.425794079737683073e-02 4.014737949284959140e-02 5.337272907872211329e-04 6.525218104858462875e-02 9.633094453692514145e-03 2.386745736997879230e-02
8.190363613113427199e-02 5.708596144465781508e-02 5.793903563706500476e-02 3.684268284149471578e-02 3.402114660710017779e-02 2.574272330703952089e-02 6.463357666429588033e-02 3.091906641922540291e-02 1.053290862315465516e-02 1.724687148141883231e-02 1.221832706813067750e-02 7.621575081114466410e-02 2.274816985051802617e-02 1.962960745129401288e-02 5.561915633997856906e-02 2.553748162264733029e-02 6.824904563400348290e-02 5.831782978456459543e-02 5.004864338696414505e-02 4.044930554491815711e-02 3.196375291089079140e-02 3.744089845201682004e-02 6.002782520052712956e-02 5.010742867720605759e-03 1.965585391809474350e-02
5.488926263235090197e-02 5.561538989451106363e-02 4.489831535729339740e-02 2.051655542972628463e-02 1.769109704806536704e-02 4.185294950338836611e-02 2.068679941511001805e-02 5.801612498054931066e-02 6.023233254443062512e-02 5.644060485661413912e-02 4.936084784310230955e-02 7.009220463689171121e-02 4.335753913026312717e-02 2.212937095360029138e-02 1.865469195852626286e-02 7.852879954654357411e-03 4.846811520197377710e-02 6.003650570637319300e-02 4.788030118128493856e-02 1.038847055699014879e-02 5.501158646154220150e-02 5.799326256703628280e-02 2.894319197506839067e-02 4.294243774730983204e-02 6.049162463343760350e-03
4.452391634523178432e-02 1.386855084783779595e-03 2.589575842561646704e-02 6.017591283891190329e-02 4.676999409164665777e-02 2.788523020737273400e-02 6.797077368927342822e-02 4.664967291711637903e-02 6.915149996092079254e-02 3.639477885044772182e-02 4.866467730735524883e-02 4.781160547095217317e-02 3.853076371910378779e-03 1.039220777596498550e-02 9.240544438511900244e-03 1.548690103414895360e-02 7.344688524215145509e-02 4.996807006020738406e-02 5.363223407589425701e-02 6.852773802956282911e-02 1.351760871800535002e-02 5.603171598889326172e-02 3.893131038142277900e-02 2.820229882000827720e-02 5.548873387368899457e-02
5.439195952065977585e-02 4.055841241902206906e-02 4.672978375535572632e-02 5.796913623417127015e-02 2.461411547165920019e-02 5.690769548726512528e-02 3.249581865526138258e-02 6.227390368279300814e-02 4.885761812795966913e-02 4.185926435215418101e-02 6.669994448784269392e-02 3.479199923650262011e-02 1.462661700463985075e-02 3.592550998416636776e-02 2.544844124465826807e-02 6.599776599026166424e-02 1.212781335653501102e-02 4.241420504785013007e-02 3.809128031963153471e-02 8.412639919512139575e-03 4.742421567236843050e-02 3.947464304890597325e-02 2.961003411065422919e-02 6.487512690437310936e-02 7.422055965796610540e-03
5.404722928482776079e-02 2.498417338905735766e-02 4.258473189399060443e-02 3.151511997040255114e-02 5.879413706229348613e-02 7.635762507071387761e-02 6.759643704048843606e-03 4.102027776091190375e-02 6.295217611523090673e-02 2.475624525369348253e-02 2.880127516804334084e-02 8.092250767975393833e-02 9.465419754745411224e-03 5.028569216590543511e-02 6.005710887721889268e-02 5.679769821284797598e-02 5.646016615641851963e-03 8.213301772921467736e-02 1.976340108960589290e-03 2.748137247238230645e-03 4.759805160570715343e-02 6.447817325585160179e-03 2.750493254912571295e-02 6.787899442275166506e-02 4.796563103208929119e-02
4.353169361180880131e-02 6.877079584506111398e-02 7.850951812302168348e-03 7.410899654865243935e-02 4.810360811092165984e-02 5.156429071569139377e-02 1.196249304827955986e-03 6.531542300280192281e-02 2.955867831735032106e-02 2.984136718730170251e-02 4.770335013638280636e-02 2.979494923028876488e-02 7.048663405585231523e-02 6.872816235852020894e-02 2.796383660648816064e-02 1.694840047280501277e-02 3.048717945202219712e-02 7.443481143604756267e-02 2.285959775272931524e-02 3.717383131777183408e-02 1.488236601834613468e-02 3.619939551113927900e-02 7.141639181791567537e-02 3.011620297610725916e-02 9.628364008641007114e-04
5.108881773028679796e-02 6.495017808530460790e-02 2.866183388713272606e-02 8.498921351711008834e-03 2.990926636508390440e-02 6.525297450784256492e-02 3.887672686584223158e-02 1.667942430083686279e-03 5.784388047666795540e-02 2.199308509778391194e-02 4.547477368143965776e-02 3.525181783042798112e-02 1.625732017692208681e-02 3.269270360631670175e-02 2.214286099644698774e-02 4.457589236612240213e-02 1.239953991345358816e-02 8.260446290812513415e-02 6.863747063197146725e-02 6.031869244165456029e-02 2.077517288652492786e-02 7.892442050430208134e-02 8.059943150293853720e-02 9.735759982090648468e-03 2.086605377352376833e-02
1.007515233106582621e-02 2.231602709073942162e-02 6.005695478798280668e-02 7.468364260918103348e-02 4.032527147314832888e-02 3.199709434368620126e-02 5.639759262469187101e-02 6.547141117086258122e-02 3.879046253232545927e-02 3.718651837458401832e-02 3.071606972470796587e-02 3.340869637870687997e-02 3.323716178048981978e-02 8.784366297425799316e-03 7.092538473509872599e-02 3.949346505344420583e-02 5.226937572838949442e-02 3.448217699597356384e-02 5.924011611386709175e-02 1.693474266900671030e-02 6.425509579780711023e-02 7.275374338391979445e-02 9.900329339144729041e-03 3.319273015064047594e-02 3.106418513110187699e-03
