4.425003616668323619e-02 2.631307591932233094e-03 5.578639659800362777e-02 4.418178176599837914e-02 4.266400903839485947e-02 3.352637314042582889e-02 2.077021867261971688e-02 6.285110794499301767e-02 3.041258070328219446e-02 2.708085923838119205e-02 6.304017416111883099e-02 5.370373986952570872e-02 1.365880064093951719e-02 5.212411963712522411e-02 1.871918842481328643e-02 7.970530967937068667e-02 8.667174180042032383e-02 5.016113220960179142e-02 8.591929896507867481e-02 8.083386344310548519e-03 5.127848433805531209e-02 6.626064126260710306e-03 4.345103208059731409e-02 9.797124893432644643e-03 1.290573196863499528e-02
4.656724476728084372e-02 1.763693152526781341e-02 8.345546723427955255e-03 1.719167777952986670e-02 2.729882580503283779e-02 3.650397240809467175e-02 1.574310858631069662e-02 4.997437981496619108e-02 3.769653641740716016e-02 3.942633758913353936e-02 3.019131363451801192e-02 6.193179743753665645e-02 4.526084437945256805e-02 1.266503221412834841e-02 5.468347309098382097e-02 7.526910653716177568e-02 3.901834063874577013e-02 6.941403295500926662e-02 2.665794995022075300e-02 4.425730544035628988e-02 3.336371014989738398e-02 3.408173703722977566e-02 6.059908825414356270e-02 4.179607324996521822e-02 7.442563361419929358e-02
4.595544166098818745e-02 6.932473063701483952e-03 3.093563842104291028e-02 7.184973244127793035e-02 3.430773444121917870e-02 2.297092970052875844e-03 2.087278364877090397e-02 5.669979684659903763e-03 8.392543786571765585e-02 8.196026857915882091e-02 6.757749821168396176e-02 5.082020748422114848e-02 6.459673120376951960e-02 1.429017553859805376e-02 2.474423028042763845e-02 4.425461887188177068e-02 3.011499559574538909e-02 3.857342054367593909e-03 8.302200170908349830e-02 3.727004064525976657e-02 4.256011667060967396e-02 2.732131789210723999e-02 2.193404234947593859e-02 3.267076250610813359e-02 7.025933621007081353e-02
6.410366597711932013e-02 3.299475350566932752e-02 1.132626179172652918e-03 6.938145110189658515e-02 2.343926501195463599e-02 5.069886217451535088e-02 2.223163333679075912e-03 5.761757266663301846e-02 3.371804751508760550e-02 4.324992205688220348e-02 3.610056529450048068e-02 3.052903295623330196e-02 4.794006749302196640e-02 8.465204082878589886e-02 9.812552042240855338e-03 2.725632888462693054e-02 3.636779279597191460e-03 6.424746604725280197e-02 5.720953224669275694e-02 1.867525370689830655e-02 3.626132347203592926e-02 5.602007898978867556e-02 5.755486588784366336e-02 1.483305447687009206e-02 7.671172887100141669e-02
5.897231956137651693e-02 1.015360863674855812e-02 6.586309966049795628e-02 5.675669048137342576e-02 6.053207514205981993e-02 4.118508034418555397e-02 1.673931556383517066e-02 6.961834028055106927e-02 4.487947906626074679e-02 2.624452248120186931e-02 1.999417554432945249e-02 6.927397211969887891e-02 3.181557088234306802e-02 4.094603158674946924e-02 4.611936894534137549e-02 6.262899470353514020e-02 4.726552918900031597e-02 1.339462309226148798e-02 4.481677615345606297e-02 3.708593590804211415e-02 4.153091749784294101e-02 5.302303454017237572e-02 1.863226539047735386e-02 1.414616997212842647e-02 8.382103256530855709e-03
2.619405184321847713e-02 9.796788867494818885e-04 6.015298171939278959e-02 2.821199647178887493e-02 1.790048471657926243e-02 9.107447232165414783e-03 2.712082975772326862e-02 2.054205580798852335e-02 2.729745098350502830e-02 4.505643991837332551e-02 5.251984045815047408e-02 8.077427256295757751e-02 9.447984007202399337e-02 4.670716906381782232e-03 2.218541229902914677e-02 6.148645856960560652e-02 1.543266093077617397e-02 8.316685691563291405e-02 2.077890227306293178e-02 7.089550804684310870e-02 6.241443417791680409e-02 7.635592782037332882e-02 2.986581399373781313e-03 2.194224042844460446e-02 6.734692980194341427e-02
9.225718167462012079e-03 3.222954139373584385e-03 3.762827588717367749e-02 6.214032119035332175e-02 5.502265413343566947e-03 6.918423023426274743e-03 4.583350649901060843e-03 4.163368058849587633e-02 7.042648289091661684e-02 2.086443552124619960e-02 9.232475651104136982e-02 4.555716800219648116e-02 6.528636027307609113e-02 3.059980017906731298e-02 6.482415089260036567e-02 1.004790536600420059e-01 4.720350703374243811e-02 2.181508360295132329e-02 4.481734017837837869e-02 4.684101584120289874e-02 5.348334489651120766e-02 5.539204905557928993e-02 4.470403724686760651e-03 1.732344319116902939e-02 4.743661548606287193e-02
4.953967875418489875e-02 5.441105058969927799e-02 5.437711950754235690e-02 3.518151432912457882e-02 6.694759672183449306e-02 2.322257994179511079e-02 3.368962421923406281e-02 5.236683222980478142e-02 6.002658855301479246e-02 2.900148881737172127e-02 5.938597494541965338e-02 3.110847242342072022e-02 5.008379168009425425e-02 5.911670348488903479e-04 1.763448124173728516e-03 6.580722106743450150e-02 7.147015802298074816e-03 4.632063146770779710e-02 1.982078897498719405e-02 1.405377168419861059e-02 2.717335313868239621e-02 6.478917440793333093e-02 3.990445137497560663e-02 6.414632300063755066e-02 4.914034120958165469e-02
3.585889020145882622e-02 3.620733544210044674e-02 1.565525338278519335e-02 3.336457714930772490e-04 2.989355984914363745e-02 4.030602350496007708e-02 6.271249814082567597e-02 4.847694106233107342e-02 6.026364081149915980e-02 6.626102512177003967e-02 6.733093190753200452e-02 5.838104689630695121e-02 9.400459053353064920e-03 2.479920123576848795e-02 1.491704438821716584e-02 6.205570307793167179e-02 5.668625249982568726e-02 2.496887616375487173e-02 4.071843168652455880e-02 5.760210663991747332e-02 5.960745600920212828e-02 1.472324549816296860e-02 5.227558072934845868e-02 5.747923916287668578e-02 3.085611762910545324e-03
7.760493976006099977e-03 3.150056732872531101e-02 1.599205992487449240e-02 6.375807202916979055e-02 5.210622312534225059e-02 5.162256559982561499e-02 5.573874349596164707e-02 2.394647321269274820e-02 1.655165077391903064e-02 4.534803839251187740e-02 3.000878454124964595e-02 6.782405003673050436e-02 4.651430979701576957e-02 2.801203931364129249e-02 6.191166792413222569e-02 2.756983036600842152e-02 1.290984098599890460e-02 5.659306060872783956e-02 3.418845641733535279e-02 1.878668608226018860e-02 5.013051874120618562e-02 7.098827146419581235e-02 1.782904910753847078e-02 5.721457958210737771e-02 5.519396717282316206e-02
1.127280049352367974e-02 7.878038948939743158e-02 4.336137591545975029e-02 1.181198672207733023e-02 5.036740616211399929e-02 2.784517552774195062e-02 1.650205932996640784e-02 7.441166579676517651e-03 1.867838772349074417e-02 4.034217911468915285e-02 6.027181349240702535e-02 8.205679399457042542e-03 6.721344628062937698e-02 9.554739594569958833e-03 1.649030923243898286e-02 6.698721742240831833e-02 8.313410582254252001e-02 9.232540643846323669e-02 6.131374990396329383e-02 4.486367810421586222e-02 8.244029534557977684e-03 5.249043404712310651e-02 1.701161221990137376e-02 4.830691303246552326e-02 5.718393841671956523e-02
5.505188482803301947e-02 2.139079764004906542e-02 6.533594097255270017e-02 6.573819736344647946e-02 5.458530723140312541e-02 4.586393799522861525e-02 4.847491570931416333e-02 5.783062337897208749e-02 6.286802912871120030e-02 5.631058227577317304e-02 4.234799717626668708e-02 4.856173735165969854e-03 4.118817696782357818e-02 2.333749280135780091e-02 1.088722732244567191e-02 5.901313604642084015e-02 5.450203436154524295e-02 3.479597125541995101e-02 3.062094648827190166e-02 3.232903788590476418e-02 1.722625220830014195e-02 2.660302964068961273e-02 2.885158373353976027e-02 9.947865381551184490e-04 5.899593731520926670e-02
2.356679622978208061e-03 3.014784311252852178e-02 7.751216968637242473e-03 1.592427660403420223e-02 7.619332517932594917e-02 3.001673004652028603e-02 5.893864630983481484e-02 1.019985986615848383e-02 2.031585590742597536e-02 7.124658212034397364e-02 7.303016977990234304e-02 2.325488903148801093e-02 7.818967915725098805e-02 5.401485203289481396e-02 4.066736036876254790e-02 3.056094069023903431e-02 2.727573210346147942e-02 7.696867011650303236e-02 5.605502380211504349e-02 4.318133960271385713e-02 3.516078334047580134e-03 2.001412545164773030e-02 7.625397049520252213e-02 4.502132823481347357e-02 2.890482506116988023e-02
1.082538127504170276e-03 2.904389418116815405e-02 2.912160736721066193e-02 1.955198673076154192e-02 3.951737297656084114e-02 2.321340101305513839e-02 7.205356584922719201e-03 1.122134023318683421e-02 5.690001817795503625e-02 7.979604194028924388e-03 1.071216200149727044e-01 2.360843547620600572e-02 5.317541514823911214e-02 4.750015100284916275e-02 3.337266689992490071e-02 3.706011503004351393e-02 2.423845324991899877e-02 3.210466622954184779e-02 1.341435420592510322e-02 7.895363961392118379e-02 7.383032290485799787e-02 3.568561964176068108e-02 1.008380377048695431e-01 4.425924813701692662e-02 7.000013515359845839e-02
3.842966486266003595e-02 2.387721030089906549e-02 6.829822117464809383e-02 6.230505928562112689e-02 6.178510738963551019e-02 7.009774971559336321e-02 1.823478647470719576e-04 3.614885496563629425e-02 6.889487787721490508e-02 9.874384965082185980e-03 1.799616713274173468e-02 3.709957631608410550e-02 4.983379176428270885e-02 2.444304933628698925e-02 2.250417038215321575e-02 5.698662409617651775e-02 2.413302486153360606e-03 5.772117552700744419e-02 3.147864099194328663e-02 4.620420469057991836e-02 5.182307801754045679e-02 7.233062488230337407e-03 6.639247269613589297e-02 6.040337420467239982e-02 2.757383146827390927e-02
2.009195919010281148e-02 6.478034078704088088e-03 3.183130637113212175e-02 7.356181197765480906e-02 8.387520305023400680e-02 3.368577961529955339e-02 2.272168520456077298e-02 3.376890193722017347e-02 9.946911323835352925e-02 9.911225041371521730e-03 1.672832693094278983e-02 7.160693103273950422e-02 1.441583305231277853e-02 2.750098832500887450e-02 8.284315552978707697e-02 3.100644531072522039e-02 6.157895986172028796e-02 5.908242400196792032e-02 2.737902812376390854e-02 2.565556820981163347e-02 2.987842706559066391e-02 9.034838090008072420e-02 1.934799243439867941e-03 9.451789827274003145e-03 3.519392288020136567e-02
1.594352122050538001e-02 4.073473201486978168e-02 3.904151062465455874e-02 3.585000121425926944e-02 2.176589618051805869e-02 3.701421853231780940e-02 5.690039429883846089e-02 5.880210011706196033e-02 3.856239751049043291e-02 5.835554251652144003e-02 2.480561647176802217e-03 1.114996828593130263e-02 5.414713683844628311e-02 2.785354186360737908e-02 2.300673284385133799e-02 4.139703191472636490e-02 2.695256366913587401e-02 6.582387868469410930e-02 2.800561772687435239e-02 6.052045675973037608e-02 4.355043377155574935e-02 6.600400130336392390e-02 3.503159533864454167e-02 6.936892667747382446e-02 4.173723844475058647e-02
2.043856914835002602e-03 5.443087062793275366e-02 6.345736249740477342e-02 7.259946468182433554e-03 7.097457366076699581e-02 4.150626555632655479e-02 5.456576062082012235e-02 1.650164812178681398e-02 6.933469186703218601e-02 4.739248838450920570e-02 4.002500101660363963e-02 7.082334551544286483e-02 4.103057126111003816e-02 3.916675490661156167e-02 3.297876377845729897e-03 4.025118512679912164e-02 5.483530891823469589e-02 2.713939597700591039e-02 5.004434320095297456e-02 4.155649036820605047e-02 1.532102832663225465e-02 4.028249042237488919e-02 3.506496649933292520e-02 2.487900693691584564e-02 4.881477042633455832e-02
4.579370616278679272e-03 2.791419976781563811e-02 3.250736026750825763e-02 7.292601702935047614e-02 5.228318192270669379e-02 4.686085722826386496e-02 1.167757498123762894e-02 3.258097609696778557e-02 2.779915519047208849e-02 7.041968153382988094e-02 3.390829056762766081e-02 6.403235391972214585e-02 4.894434105470080176e-02 6.584354389818571074e-02 2.497677290615826664e-04 6.925081107671332559e-02 7.123562073120517923e-02 1.160201846727838305e-02 4.920604993640980557e-03 2.375909314748598025e-02 4.384808137014247625e-02 3.924846719636054110e-02 3.258323698757593923e-02 6.834389818501349079e-02 4.268149604085463150e-02
6.524741940753171765e-02 4.024312803785746323e-02 1.293443364746268802e-02 6.859606101516094179e-02 6.974328020270720296e-02 3.118482594464370636e-02 5.325411560591212373e-02 4.446256972957867565e-02 1.293888859502396148e-02 4.045599668684567857e-02 4.569737563856381135e-02 4.147147300166337952e-02 3.782096509228773107e-02 4.134146513053234273e-02 4.952149076624786511e-02 5.385113397129803747e-02 6.219962456550528172e-03 6.380567242772151870e-02 3.140532831207295400e-02 4.865746923564318732e-02 2.707574416173119669e-02 3.566230750702258697e-03 4.635389789830049456e-02 2.554059480388125303e-02 3.861047748007927910e-02
2.107003507375052737e-02 1.611342788410914315e-02 2.341067743917927060e-02 6.653734631855799664e-02 7.302991162960502380e-02 7.734274670870280866e-02 3.274681276262261798e-02 6.110911091882810509e-02 1.328214585256853007e-02 5.882256314692953930e-02 3.352731668207661886e-02 6.671315713714305595e-02 1.557157527064867604e-02 6.472331857622951046e-02 5.716260948040942542e-03 6.687246267720664550e-02 3.348326376973880664e-02 1.112354952748697244e-02 2.417828483479495666e-02 5.606470519373147471e-02 3.527231156852395771e-02 1.843614224597993692e-02 1.887092676145877071e-02 5.478522633281104892e-02 5.119672073927519079e-02
5.672234759810330929e-03 7.209674165928119105e-02 1.243889560279465983e-02 2.134587122733794945e-02 1.233721423088669257e-03 4.492126645754836861e-02 7.550534362221904272e-02 8.249791286256209777e-02 4.111064305429838056e-02 9.117201970786220633e-03 4.208628737879831216e-02 2.577309386186336579e-02 2.745359986731402829e-02 2.155837191663906652e-02 8.462345284727576522e-02 3.526321932777724127e-02 3.170797504483960838e-04 4.394585890966260650e-02 6.213030943500286174e-02 7.234098828106709511e-02 6.684991064588806375e-02 6.230462613561602719e-02 1.757752395631241235e-02 3.106573182068775307e-02 4.077011322592033471e-02
1.288703779510845006e-02 4.021272752708047321e-02 9.549206213352633490e-03 8.210040375477475547e-03 7.867824402569685571e-02 1.589658468023274693e-02 4.449305350009307575e-02 5.879915015118483690e-02 8.834929913112801736e-02 2.882251237791932930e-02 1.704204823980044400e-02 8.236999483030994773e-02 2.856494279541772416e-02 2.612488526880769532e-02 1.412580826676744332e-02 4.184092572410740701e-02 2.177988019479006748e-02 3.376594379083736747e-02 3.139341645799983288e-02 5.879681400369195926e-02 4.193693465891313449e-02 6.378893816869225797e-02 2.830817290077775744e-02 3.033349264427370046e-02 9.392994627753947778e-02
1.730683343241855646e-02 5.540982924368313689e-02 5.081391540499379661e-02 4.705538404466643593e-02 8.829528878267465380e-03 4.047407777291560371e-04 5.415266058728299831e-02 6.030708161147987391e-03 1.762970786476841106e-02 7.185175249085799798e-02 7.017292519830323205e-02 6.691968133734846336e-02 4.236494580967415519e-02 3.313804662059722378e-02 3.358151944035665804e-02 2.467667946963608000e-02 7.026292817413036518e-02 5.926801747054504660e-02 7.204769090499807405e-02 2.185430097671911195e-02 4.211699053102345436e-02 4.954144988290498652e-02 2.786459473580357032e-02 4.243129864936755896e-02 1.427386991277600908e-02
2.710996011974396366e-02 1.165585805831687027e-02 5.551917953590921467e-02 2.886116764478779267e-02 3.669468030172427092e-02 3.287092005674821515e-02 4.556198422695078611e-03 7.737821751451334773e-02 6.283468388272277216e-02 2.798794810585671089e-02 7.762399118767202011e-02 5.835608182869023858e-02 8.565431082290472786e-02 4.000942038171426823e-02 9.467238370226277802e-03 1.050291400829522423e-02 6.447551945411721108e-02 4.998858432459036411e-02 1.872663919281709888e-02 4.729788738060065889e-02 4.576112468769551189e-02 7.408932122084133098e-02 4.584391944824114072e-03 9.764664426768225949e-03 3.822909712522437609e-02
