1.202369524781434287e-02 8.527173781993949153e-02 1.709782125881731049e-02 5.343877179390899707e-02 3.826214021296232143e-02 6.741364371702003588e-02 4.538911821428816967e-03 2.797667989294870192e-02 4.051442071796249045e-02 9.800087266495761951e-03 5.529681037201884808e-02 4.607207106957782877e-02 7.130613992106908661e-02 3.814382150379769243e-02 2.544336670129057620e-02 2.724336586110811045e-02 2.032307575136258967e-02 8.046309318718683490e-02 6.888306845949483670e-02 2.962074137544130556e-02 3.879485148539307121e-02 8.719991061312135777e-03 5.082964409015571644e-02 6.286280337971536514e-02 1.965924603177780783e-02
3.845178885262284796e-02 5.870632849031870437e-02 3.850643536779720794e-02 4.789303754989195083e-02 1.695032247267166947e-02 6.915846524822079344e-02 9.535422800685653191e-03 4.094840498454763861e-02 2.532476732801527963e-02 9.168072872147990313e-03 7.442537713347992245e-02 1.741547618012994833e-02 4.082253322128835682e-02 5.330511183312675733e-02 2.345409942457763949e-02 4.172688922004455514e-02 4.614653556410740209e-02 3.869550005662587833e-02 3.159189004765620284e-02 2.227180974078491263e-02 7.882981568674791994e-02 4.432068247127983474e-02 6.101112366449386315e-02 4.645498573168694439e-02 2.488512405705009187e-02
3.906733323779805478e-02 6.719132065300298384e-02 7.149918491018407429e-02 7.678841050404333624e-02 1.762323778811430985e-02 2.817674457778819239e-02 9.708618067632618712e-03 8.066211660008403006e-02 5.150361382679427558e-02 5.753240207579607413e-02 3.515714736892524422e-02 1.987878962982254916e-02 3.160592424820099500e-02 2.356295469011171831e-02 4.345520554780044065e-02 6.662054933258525213e-02 6.789078521664584920e-02 2.336150302526768252e-02 1.449437893262487363e-02 5.902206475464758656e-02 3.403801009233222569e-02 1.485102103061566869e-02 4.932723962892199970e-02 9.185227341115058744e-03 7.796216919145004809e-03
9.706948510121638689e-04 1.668032897353253705e-02 3.858295644549235293e-02 1.307364575026466122e-02 5.532616448923970663e-03 3.967060896031118084e-02 7.274618193015901235e-02 9.263692541722698404e-04 1.837114686404742181e-02 7.259915527687577086e-02 5.108639954498107871e-02 6.689259584933254787e-02 7.324267860850536271e-02 1.761952610705134689e-02 5.956772556531046009e-02 2.102424212766766665e-02 7.558834966255587040e-02 7.709607911019356052e-02 1.290472122583925796e-02 6.542510202570675504e-02 3.796181521927341658e-03 4.828022668026123870e-02 3.881820684902745344e-02 4.829465547523328212e-02 6.120960489161533097e-02
6.617096155054200124e-02 3.825795893361267491e-02 5.602384593850732661e-03 6.949752894100602596e-02 4.622842384523028272e-03 6.042456406184611856e-02 9.220976859797325870e-03 6.865086493472898066e-02 4.825301742987717774e-02 2.359076610903121027e-02 6.579970873404962506e-02 1.371984389555946926e-02 1.639532748226822309e-02 2.478605974891449557e-02 3.147477234889251019e-02 1.663137012794493191e-02 6.994979034793909201e-02 3.349613644343474306e-02 7.239238179408148677e-02 1.926133528680971582e-02 3.563639293854845014e-02 6.096688400717095724e-02 7.524519640556651123e-02 3.420573348850815959e-02 3.574720115149634947e-02
6.545234903634095103e-02 3.007296074838552644e-02 3.064643059151116872e-02 6.632067082838453975e-02 3.457378536858492918e-02 8.783348576011599379e-03 6.550714580884077487e-02 3.489300699221931090e-02 2.509817511283083530e-02 6.267114116692014403e-02 1.192665219218327390e-03 6.593635265890458730e-02 6.088754522324137108e-03 5.253318268498743081e-03 6.556300554947573633e-02 3.325718141611427869e-02 1.250403844530945628e-02 6.834660495914768319e-02 2.332455058265481967e-02 6.549899506880686728e-02 3.197169199232103437e-02 2.560103582433088248e-02 3.989306960946101266e-02 6.335469681449962254e-02 6.819502483890295397e-02
5.488576842193569616e-02 2.905557265652326804e-02 6.812878294750961128e-02 7.291938696015519417e-02 4.283108641536956251e-02 5.613410954226766975e-02 6.875238500460660596e-02 5.399860376291883146e-02 5.131248452907678781e-02 3.003470626579411717e-02 4.736619675431763543e-02 1.918460362736995259e-02 9.457361760340366255e-03 2.039557608260290228e-02 3.520357100530710492e-02 2.718258945945944624e-02 5.537886074859926094e-02 3.017754638690805374e-02 3.982843733984929580e-02 2.294555786030096425e-02 7.023259594060480074e-03 5.654785481946889014e-02 1.768002964293103468e-02 3.671858589965412700e-02 4.685708251267318297e-02
5.901192470322916966e-02 3.638711400503609472e-02 2.448659608193603718e-02 7.832709781231018964e-02 5.652483144941434362e-02 2.176052663623449096e-02 6.738801760053475531e-02 4.709646028473046114e-02 3.682805474194743300e-02 8.544503548053685935e-03 1.949113874876401767e-02 9.249320671631446750e-03 6.117079813948807232e-02 6.559272368101998207e-02 3.822985151062659875e-02 4.763478516592916691e-03 1.490923006184817837e-02 8.290046556220052876e-02 7.825141647142508372e-02 3.494099433660093762e-02 1.240873515408758704e-02 3.890766691418916928e-02 3.803475131211330601e-02 1.714214178342161931e-03 6.308008787764328440e-02
5.952046000889533311e-02 5.310581348200994756e-02 7.305571354143275409e-02 7.431186821943625009e-02 1.938756604314455581e-02 6.360705059589515098e-03 3.338673550629621400e-02 7.978709413120288474e-02 7.021100438699283408e-02 2.311959296235388539e-02 6.640230799799295980e-02 5.130228533134229690e-02 2.503215225010093845e-02 6.524305244488334821e-02 2.567060092130100252e-02 3.092365166301826868e-02 1.832628548110469546e-02 5.050536353383942162e-02 4.059032302512879942e-02 5.724560843639346641e-02 9.517098927033852988e-04 3.673272787455399147e-02 3.399678782109929499e-03 2.761765714210488026e-02 7.810041882068488768e-03
5.004241496946409268e-02 8.443269539452051553e-02 7.837007817076738214e-02 4.506301356323822588e-02 3.157214566434538017e-02 2.026355520563745730e-04 5.913019994818065339e-02 2.953964465880400125e-02 3.586666623546333477e-02 5.707314212886104715e-02 1.692460272672383428e-02 5.147269129009308941e-02 4.125461804875953792e-02 3.454068616167993433e-02 7.684911241645901725e-02 6.706348452986844733e-02 1.450615869700852718e-02 8.362377529070082194e-02 1.764835191540356084e-04 2.230716354449549868e-02 1.257351443525027944e-02 3.131420277267173147e-02 1.357506620414264051e-02 2.579208215701279255e-02 3.673372192027865579e-02
5.531707390989229478e-02 3.153293174244559821e-02 7.943524529545782642e-03 6.316651288304148126e-02 7.401357015532947226e-02 7.665010533886430777e-02 3.351228829862047068e-03 1.237048121936017327e-02 7.808930781978341840e-02 1.198572624674666860e-02 7.781389542586992364e-03 5.278142709899243112e-02 4.262152438432102036e-02 7.868285770811556112e-02 4.710544049782271724e-03 2.632859770340426758e-02 3.332506432301379079e-02 3.800890153112794489e-02 9.271128387820376515e-04 6.437290251074746783e-02 1.519331632828846033e-03 3.512205994818268229e-02 1.063168788680136229e-01 1.848575706537745889e-02 7.459518811985228759e-02
3.323867792278838162e-02 6.734055633243234140e-02 3.208505159690961533e-02 1.475409858950911882e-02 7.248944201482820926e-02 5.270716248137977122e-02 9.440717359935141967e-03 3.845641158368483942e-02 2.229703219308236048e-02 6.420807603435871314e-02 1.171839223229743238e-02 4.687908193976817600e-02 6.971734163684371877e-02 6.616785515426409914e-02 6.556086020258038161e-02 4.831300789695578551e-02 2.206347281861316401e-02 5.453374178382094234e-03 1.251210996149793031e-02 6.505864094107897955e-02 5.153979187496215975e-02 7.597915256982091213e-03 7.076951377841771140e-02 3.712304440228204189e-02 1.250837161616579971e-02
3.904766726614669614e-02 3.249999330194229541e-02 1.741334395247834746e-02 5.153147301053355445e-02 4.283268747357162065e-02 2.231766883473953328e-02 6.535885590657412869e-02 4.386791221223111659e-02 2.763563203288216252e-02 1.284859529631113620e-02 4.066404393364107112e-02 1.253515046415893536e-02 7.454286369519474986e-02 4.029472091187855098e-02 7.431128926651253686e-02 2.604315871546282468e-02 3.747232049335299381e-02 4.244772336116364037e-02 7.313996358063368231e-02 1.033569082355349431e-02 3.245458723996526296e-02 6.869114273822664145e-03 7.444207275370984256e-02 6.648106855125453241e-02 3.261240264828466767e-02
4.719173513634811884e-02 3.831551726431529914e-02 4.316604227676110878e-02 6.012802477947319646e-02 6.960357665441022079e-02 5.707390380749527946e-03 4.006895986638774748e-02 6.373151462443722715e-02 2.797753722010627025e-02 1.796583874151922583e-02 9.255867369525452859e-03 4.411406403267079807e-02 1.488911753120946389e-02 2.669453278549406561e-02 2.831115607474517931e-02 4.405951300877131160e-02 6.740122694459635411e-02 6.975130602136914160e-02 2.109207770558702358e-02 1.866358903675572473e-02 5.081968160835272086e-02 4.865649406633808932e-02 1.914622730143190898e-02 6.674588917139244459e-02 5.654312039725246236e-02
1.808903806366198366e-02 4.522129420681961914e-02 8.405432841501471811e-03 4.780766009209697076e-02 5.185676565611472416e-02 1.651437395076697789e-02 6.791871151574068941e-03 1.640002595755602963e-02 4.442479251787938982e-02 5.093904175791738598e-03 1.584963083681311530e-02 1.767775284572345104e-02 3.907883841800162406e-02 4.883358779465375027e-02 3.347000156016795985e-02 5.877655111244185077e-02 8.488261019311808819e-02 2.121246113166972563e-02 9.016195651888248008e-02 3.038776085696847859e-02 5.450630977027815655e-02 3.268715000896678380e-02 6.196380868809422265e-02 7.770160442299765824e-02 7.220481722745962505e-02
5.219057451198694242e-02 4.746843345450950380e-02 1.281350826927596387e-02 6.827087252474632606e-02 8.254089735906988690e-02 5.317527522493777775e-02 4.879942121622368734e-02 1.247110648095157287e-02 2.322089976714179077e-02 3.025827921027465436e-02 1.609001563093462317e-02 8.312267149796427612e-02 7.748896830003013103e-02 3.122788217543865513e-02 1.218275463859637940e-02 3.320005411873498680e-02 1.378989616673820771e-02 4.517213653361745046e-02 1.496908170185180971e-02 4.116238841106455680e-03 5.156082451507031789e-02 3.197737714411242466e-02 5.736330646409287803e-02 4.385312895977265535e-02 5.267639529282069910e-02
2.673873581397521321e-02 4.888037127857920716e-02 4.152140500847095739e-02 4.989531898451371461e-02 6.450762155365130776e-04 8.100708613884359532e-02 1.973823015307257789e-02 6.438068449342222201e-03 2.475153839589335283e-02 5.817466901994149814e-02 7.830675121626050339e-02 7.086988911140952585e-02 2.742725243923710421e-02 6.986411796939659413e-02 4.566750731842879329e-03 7.793493261440700981e-03 1.564462959603187334e-02 6.613617404174189363e-02 6.080320048410676331e-02 1.100955253727494906e-02 5.945026623414116640e-02 6.395436240779239778e-02 1.602350768146555693e-02 5.630774311728676401e-02 3.405180971240232002e-02
5.502597677832023713e-03 3.878793450278163191e-02 3.692240369421185414e-02 6.610709949948313791e-02 4.199147844280678998e-02 6.298430515417174913e-02 3.397571570634636690e-02 5.363621654158193947e-02 7.270015146381161864e-02 1.582802413571822529e-03 3.382953685150859313e-02 3.222149807585683590e-02 5.847335975623833143e-02 1.389629549571479552e-03 4.346525962676594385e-02 2.090042528402143163e-02 3.572390644560356071e-02 5.376476012679004546e-02 4.721645262089184392e-02 1.845466605825296300e-02 1.539705386686194069e-02 6.376445500273400513e-02 3.804441117610203593e-02 7.342695170205187916e-02 4.973692876015012310e-02
1.967831303807538942e-02 1.476810573142553831e-02 2.827532290291703485e-02 6.659248864342605378e-02 4.013402588855991687e-02 4.952275052874574590e-02 5.190128724366058210e-02 1.522176199622680449e-02 2.992397296471927676e-02 2.568039408121499528e-02 8.164265129281768341e-02 6.587681017055710539e-04 8.337772927305736603e-02 1.231091800519142770e-02 4.744773490147179834e-02 2.289466803619700022e-02 2.654479201917070083e-02 6.650352616141028128e-02 6.025928434310912768e-02 6.674169054616282959e-02 1.648466938331449860e-02 1.768052427637402738e-02 6.607181742516304856e-02 1.057594498859560847e-02 7.910685822728777405e-02
6.641720349822707870e-02 3.632053419319528770e-02 5.056774025865099637e-02 2.405008715520963111e-02 4.578473190268590731e-02 1.799028644471821004e-03 1.576656946016188193e-02 3.262221320144478853e-02 3.524732296484805322e-02 7.087538200694475099e-02 7.182227791240188008e-02 8.850855068169852929e-03 1.985590877746338037e-02 5.938026103033351710e-03 2.454830880013612535e-02 6.822840580236960717e-02 4.096809100066869935e-02 2.872708767101243496e-03 3.743403278267493778e-02 6.709087814861017240e-02 6.994510736034330323e-02 6.556377540413881044e-02 5.459195362652875111e-02 1.808776644182748597e-02 6.475109071869233901e-02
2.387850924870317873e-02 7.051994787524325237e-02 3.326446176098587365e-03 4.532794936676452259e-03 6.453608392286801221e-02 8.574338426197680371e-03 3.529153341913403991e-02 2.757351267054678964e-02 2.233065131217342597e-02 2.909183681686786094e-02 3.902429165204947259e-02 6.720963860077823482e-02 4.959244745412588057e-02 7.290959266587609955e-02 6.723196557192200051e-02 1.174204350104711934e-02 3.397030197080459085e-02 4.282910388153174375e-02 2.055085644183011692e-02 4.550269190788779061e-02 7.828138698046770150e-02 1.809709437380100164e-02 6.304182634756069770e-02 7.994693347584563847e-02 2.041417036996271556e-02
8.217796359935529427e-02 1.669379684209289227e-02 8.850850059560956551e-02 2.920312715763539319e-02 2.668771152685180462e-02 8.685039062111143959e-02 2.795069104731179310e-02 2.132014388267725047e-02 2.969479485424630916e-02 6.464953261344628943e-02 2.075272332042323292e-03 1.476566520342968356e-02 1.064887902077076010e-02 5.023680786366103990e-02 4.923263185389342537e-03 8.837806102075437820e-02 4.495578818779073088e-02 5.905772014281076426e-02 1.926395353234883548e-02 6.679882385037082260e-02 2.301881527899307146e-03 7.536746047101853217e-03 8.760788455719621670e-02 2.064376977188256759e-02 4.706883101621323756e-02
4.763231031146732131e-02 1.687882631580452791e-02 5.367686757319049123e-02 2.379090996519584583e-02 5.970725770215815770e-02 2.342276866336827010e-02 3.938161813876059347e-02 4.559684728632436290e-02 1.765206208605516391e-03 9.893467040902414675e-03 8.053113305467563335e-03 4.100858061371859264e-02 4.894435761966305087e-02 8.894041933873064742e-02 3.140911415448029154e-02 1.628573348092603526e-02 8.806806770876410284e-02 4.876936523789843214e-02 8.765499252236888528e-02 3.202499274089135733e-02 6.780269272244061722e-03 4.133992229966992199e-02 8.913463187182310565e-02 6.514279778956298325e-03 4.332608084862017012e-02
6.764679338048772139e-02 1.681504208067179790e-02 6.313290409760677346e-02 5.152474790726278495e-03 2.508213909485147025e-02 1.360219269960875367e-02 7.765301440260925780e-02 4.836447951430659226e-02 2.222913774551304664e-02 7.351913255052473783e-02 4.414210183059428388e-02 2.837763682459465767e-02 5.648291697894174818e-02 5.379472520382727607e-02 7.668800033113572223e-02 4.878967182564254192e-03 6.991410563231945097e-02 5.194974510750179769e-02 1.223708573094785430e-02 3.248489622320884646e-02 4.532606158875486339e-03 6.937722805065232867e-02 7.987057554221948380e-03 1.747584847163425464e-02 5.647976836207375950e-02
4.991783418288646412e-02 1.423705310124855072e-02 1.018538882213711888e-02 1.651403049279180635e-03 5.240381414600014595e-03 5.788094243854579463e-02 1.175012416287909284e-02 2.647415290865266085e-02 5.051312106478336728e-02 6.448838874704052038e-02 5.723542768719491053e-02 6.053294906398374448e-02 5.457749490196473624e-02 2.288432121646264208e-02 4.179743327028777322e-02 4.639717212142133868e-02 2.707885262818962926e-02 3.957984667740953311e-02 6.368726828953286123e-02 2.142573995126185668e-02 6.038500388005591663e-02 6.476758370646279461e-02 3.850298353907705140e-02 6.002574995881704983e-02 4.878338321582541270e-02
