6.918349979024190910e-02 3.915023163574453402e-02 6.958803699608531734e-02 5.113955139054664201e-02 4.991709670448785108e-02 1.545953079111451675e-02 6.984488049109248420e-02 4.457265352634069699e-04 1.809892984557880113e-02 3.110596868611880186e-02 5.575881532407771235e-02 1.414283692744163455e-02 6.174048610015494404e-02 7.035470654398263968e-02 1.172164416913553352e-02 4.273462008880045404e-02 6.428857321843104095e-04 2.765618305942556601e-02 3.159310328786827000e-03 6.844111496983092124e-02 3.120291663771136009e-02 6.789198084273181943e-02 5.625410697614975641e-02 6.197629389372762837e-02 1.238864553958468444e-02
6.265074337695152040e-03 5.021706155184506998e-02 1.404106814551087795e-02 6.130444148922413461e-02 3.414248685142027423e-02 4.412875751293426907e-02 7.837313423048261618e-02 4.360942772988347926e-02 9.044060917608414199e-03 1.322615205277748868e-02 4.557437675818760969e-02 4.383579031376628327e-02 5.329887776572377750e-02 3.356165740521641766e-02 5.431826636449238466e-02 3.317751704079382330e-02 5.215416310893067342e-02 6.414862984802274792e-02 1.496072034979870936e-02 3.139498959768848019e-02 4.200755610351957631e-02 5.739961849009409672e-02 2.120549459519514499e-02 4.637169135536194087e-02 5.223898608382639142e-02
6.576003417502460091e-02 2.664571000055700190e-02 4.681822481023115157e-02 1.405863266652541271e-02 3.655490269602588993e-02 1.339765540732587579e-02 6.744033657216616517e-02 3.171032629023805283e-02 6.096384911045798355e-02 3.060545879542854106e-02 6.643315922725549771e-02 2.972784529418227850e-02 2.431939506799434339e-02 4.201431166381481425e-02 6.208412156774413548e-02 6.322753415880792704e-02 4.374362917760143271e-02 6.217021981706450165e-03 4.385954368087043032e-02 1.802459324078570235e-02 5.379710495279792920e-02 6.569762473518656054e-02 3.779886034919164445e-02 4.432194906332091733e-02 4.778175314759137114e-03
4.345331802149113992e-02 1.039410675392610228e-02 4.944648090518091732e-02 2.925856980795219983e-02 6.177225520511479134e-02 3.904958238153591939e-03 8.835743183637615600e-03 5.503512138127261699e-02 4.140799326993685470e-02 4.599310604931568930e-02 6.788295455164070069e-02 3.924238180712363855e-02 6.518257805038821240e-02 4.105316815481589721e-02 7.456206852540289698e-02 5.365965664278098124e-02 1.196626003318762566e-02 2.933120954141180819e-02 6.965849482057839825e-02 2.818323804114418810e-02 1.520862945269557155e-02 3.802615253725447064e-02 3.160237716304387795e-02 4.979784733359299970e-02 3.514133052895729997e-02
1.737207791344954830e-02 2.746221122972997142e-02 2.789909439700636110e-02 6.008283448839468743e-02 6.522240274995816378e-02 4.151692817084011444e-02 5.538360840823168887e-03 4.880271941858906753e-02 4.518656373547660920e-02 5.499622474781606235e-02 2.313315110937107233e-02 3.920209743290127384e-03 4.073481675461292084e-02 8.256836575643005521e-03 5.056912872025146749e-02 5.289234119594506123e-02 2.720618459753749996e-02 6.283760634484648888e-02 1.157017919904931511e-02 6.275693483206376544e-02 3.099208968178770660e-02 5.079976772053870770e-02 5.012242435180858796e-02 6.532850771028556047e-02 6.480040377088500114e-02
3.342311990797344062e-03 1.331491517882543024e-03 4.529296073980890180e-02 2.824305118276267731e-03 5.481309895359458978e-02 4.459369487519802139e-02 5.556955909300775182e-02 3.679363802972458047e-02 2.271536734859346332e-02 7.917188439298866731e-02 6.071427789256005070e-02 5.272132308747619171e-04 8.280744992720761102e-03 5.266284206971013487e-02 2.401301907298163466e-02 3.398255429137616440e-02 6.515459144546749404e-02 2.952436204617720980e-02 7.718269825467183320e-02 6.006256461461800117e-02 4.601293621482235863e-02 1.508665438480321155e-02 3.414676503257195461e-02 6.359983603792390694e-02 8.260062835884844634e-02
5.073530592346223861e-03 9.282409184831152266e-03 5.097784860566865334e-02 5.743488024834536576e-02 6.115102372688457216e-03 5.713430682979322300e-02 5.419391449264785582e-02 4.740799907123067342e-02 2.341577028249315628e-02 3.062210401205603394e-02 2.523499930267899399e-02 5.789535425175990763e-02 2.261641156171870573e-02 2.222051943180898548e-02 6.442734309073572252e-02 6.337316357884478779e-02 6.672694353431576908e-02 5.562786492450662312e-02 5.987166745514880227e-03 6.262357056682945310e-03 3.837449892214944008e-02 5.897806562702660738e-02 6.090781140630448232e-02 4.386920670326250465e-02 6.584042817058886887e-02
1.237329688066260598e-02 1.805099764224706721e-02 2.708657949886118799e-02 2.092050530592715410e-02 2.543365217430712186e-02 9.649114372161546674e-03 3.057692754967451798e-02 2.425526171724777091e-03 4.381015816221399406e-02 7.705150582523238867e-02 3.626193739299160557e-02 5.084638259617535461e-02 4.984103669515562579e-02 7.603734294206673794e-02 5.983728696873116121e-02 6.719369140489525605e-02 2.735983149286078456e-02 7.392622729101057388e-02 1.508799267914558498e-02 3.323610463467978338e-02 6.007621610102940185e-02 2.716488445796651566e-02 7.218855396216504461e-02 7.011296928650129212e-02 1.345127851161297648e-02
1.704078088060820978e-02 3.872359667544704540e-03 6.341725322293885470e-02 2.505204332959149252e-02 2.904159995158809779e-02 1.996671710022227680e-02 9.100482697525601530e-03 3.374534536258455564e-02 1.733405077713363884e-02 4.158933763597088412e-02 1.497436844566723581e-02 3.776637870531207586e-02 7.003466007105303703e-02 2.746023035858739109e-02 7.046987822041655969e-02 4.224704784350951509e-03 4.052971721528431104e-02 4.429554662396616854e-02 7.102628729323531842e-02 6.832569611932846898e-02 3.773084518187564546e-02 5.608868697541007087e-02 7.207142166652484583e-02 5.439116078372787516e-02 7.045044692955172716e-02
8.720351868666312289e-02 4.474604437470106055e-02 6.129030557369927190e-02 1.670425114059906346e-02 4.059029601076380445e-02 8.044473449630135109e-02 5.361272809662241678e-02 2.595536677395635788e-02 1.140454101736399634e-02 2.153447553154638067e-02 1.160918239882185315e-02 2.171328878977191526e-02 3.562652153508732294e-02 3.984371954593220015e-03 7.789859722015805843e-02 3.750548675174324165e-02 5.269665285697051199e-02 5.908348084618365859e-02 1.233823056532806772e-02 7.681798936958750268e-03 1.453855284908212725e-02 9.159955009245702995e-02 9.707269466076695608e-03 3.925585247897472874e-02 8.127490155557584584e-02
5.824273830494444693e-02 1.747820619424283323e-03 8.858913017898875641e-02 3.829324688677970823e-02 1.671996180356768308e-02 3.361132121040139031e-02 5.922686320865376552e-02 3.762577873863616473e-03 6.412735099016016183e-02 6.081764189074329724e-02 2.280701663648701527e-02 4.246701160150892496e-02 1.929028074831387607e-02 2.126236570728167949e-03 5.820727297408340162e-02 4.439482233499587177e-02 8.393929263092918258e-02 1.984259708269737674e-02 4.392052772053490345e-02 6.653431387780088524e-02 6.811846351627230678e-03 3.542125739837442833e-02 6.838661287095945673e-02 2.442966483245385262e-02 3.628259340097830105e-02
4.271128716446247198e-02 3.028857060760190359e-02 6.486113799589529605e-02 6.361092024224654362e-02 6.169460710219976801e-02 3.153400577233961971e-02 1.406513235475182963e-02 4.726079161936398709e-02 3.167336360350793412e-02 3.741778552247850692e-02 4.816244964230612796e-02 6.953348969360470533e-02 5.979140400955165052e-02 9.115122785089330160e-03 6.713078616043834101e-02 5.008700293690049321e-02 2.362992558592942952e-02 5.400225235383939587e-02 3.513612024280512308e-02 4.150316861263448481e-02 4.230153151137977519e-02 1.120662909769575000e-02 2.677813349658043213e-02 3.223408693649583434e-02 4.270294949901354623e-03
6.163960574310551471e-02 2.783364964297296157e-02 4.061310250784423703e-02 8.074517653108598259e-02 7.392403244345059632e-02 2.325934016768756510e-02 3.409075809577668398e-02 4.865147080103724569e-02 1.017616066026956305e-02 6.781026202890357013e-02 2.757364479507679739e-02 9.847981859467497615e-03 6.023153471242466417e-02 4.385424216550164178e-02 2.308115230243277909e-03 4.793174206931179876e-02 6.508693637156727496e-02 2.643874343650606286e-03 5.600610872081411562e-02 2.130434732906754183e-02 3.707206685851753558e-02 6.146430144281648730e-03 4.532939425889945945e-02 7.995916022880650287e-02 2.596086229023584352e-02
4.772028679441858885e-03 6.370675690017253701e-02 7.116981748551594322e-02 3.688228474008609786e-02 6.823437448440697328e-02 6.824420795229585446e-02 5.516668527089703400e-02 6.243754355073083406e-02 1.216746523131678227e-02 6.350493044597241288e-02 3.121716887255749154e-02 2.153187273879696509e-02 4.219914175480823926e-02 6.440275583775442736e-02 3.253349870866238669e-02 5.840889197874217162e-03 2.157627860905847461e-02 2.142851924760694887e-02 5.235263875812085771e-02 7.173103634523357586e-02 4.131928861341072762e-02 1.904778359881233521e-02 5.280916530672924436e-02 1.109516236050627630e-02 4.628705309231633674e-03
4.624147881365925361e-02 2.677216627253110881e-02 3.211982684906661972e-02 5.271212599831182934e-03 3.417751897467425498e-02 4.318747422272676412e-02 7.000348276515645785e-02 1.529718947745550015e-03 3.681795035698098850e-02 3.468191515469754710e-02 4.454099973966930276e-02 6.078818350138002341e-02 3.548459749630277632e-02 4.079612388710947279e-02 3.580675986904075653e-02 5.674609947811862926e-02 6.461867657416751898e-02 2.298943702013759444e-02 5.161292700319639049e-02 4.665103623201696109e-02 2.659657269983366212e-02 5.724869101111386416e-02 4.952222940107871285e-02 3.504572623648790491e-02 4.074919489327673283e-02
6.149490782470562467e-02 4.148547269144543803e-02 4.114337533298416394e-02 2.466692212434070872e-02 5.067040410984925691e-02 5.653382179280256464e-02 2.005620014117893632e-02 2.115273232276018017e-02 4.362570851600230254e-02 1.871890487795906458e-02 5.295381668055429598e-03 1.866992272736263739e-02 4.517335904282882703e-02 3.257464778205821504e-02 3.759033501147739792e-02 4.058258955976039306e-02 3.467680530932285010e-02 6.229616606356073311e-02 5.253409222846297522e-02 6.243085248762141742e-02 4.493137722477602569e-02 5.195414208536389133e-02 4.869252412214403192e-02 6.098672156515886483e-02 2.206263338801817825e-02
2.877953929267029407e-02 1.057544692143678414e-03 6.015282775928644521e-03 8.531044949875708772e-02 4.213092724627450630e-02 1.079051222162957097e-02 9.570442976276485186e-03 4.591646678171092122e-02 5.779488941381372147e-02 7.399480701467903154e-02 5.069309105743720345e-02 2.962059860302262287e-02 6.216882580957550086e-02 1.665027901302853358e-02 2.952204589359194026e-02 1.072784948200313122e-02 6.038413442896681249e-02 4.787266482479061308e-02 3.898589067966589522e-02 2.042698412801340069e-02 7.484416590114693901e-02 3.517050834048555258e-02 8.093039016414846354e-02 2.411087800485734595e-02 5.653083175538208688e-02
6.239225357859510407e-02 1.432084296800837514e-02 1.540386769434779965e-02 6.469129053499116100e-02 7.564722643010952929e-03 4.046930073564262986e-02 7.007016547592956682e-03 8.153490741674293552e-02 7.065933333970876584e-02 1.965927697800892715e-02 7.135470606486458978e-02 6.324167313881778885e-02 9.174778308347522615e-03 2.258040638779585177e-02 5.430121534173727033e-02 5.982585553702026576e-02 2.907088267602800022e-02 1.091225605435309359e-02 4.186685344801892306e-02 6.463507847929063355e-02 4.408770189975608905e-02 1.644649119737908935e-02 2.574783174974357852e-02 6.407538240912069583e-02 3.897607487107691837e-02
5.616175109760514900e-02 1.291775342328120059e-02 5.026740994740914320e-02 5.868185192728385402e-02 6.513148537636440083e-02 2.189442805366400083e-02 6.694372213456224741e-02 4.298371526116491481e-02 2.158912723690917940e-02 2.271949204341954919e-03 4.878066960232303045e-02 6.967724365837249523e-02 4.216295996814518887e-02 2.203785328883386616e-02 2.420147476073938528e-02 3.601075672775028158e-02 7.221393594219729928e-02 3.159811131857719751e-02 2.841731213911405374e-02 3.629431429172049611e-02 1.627187192681651268e-02 2.133800354018011713e-02 5.945250734627711281e-02 6.552878260690481182e-02 2.717100921946220132e-02
3.263827759721028149e-02 6.116794627512903842e-02 4.829873512856716622e-02 3.099053860247736811e-02 6.486514563106289544e-02 5.994596571473034124e-02 3.131397443261081659e-02 1.309456620841229629e-02 5.660149138227416055e-02 6.076958859101493082e-02 4.549180194568326618e-02 5.452522595208395689e-02 1.287588204704991340e-03 4.201653626886940607e-02 5.463571430021739450e-02 1.935265393090031608e-02 1.051874188831944043e-02 6.028446362971930095e-02 5.296481879482523719e-02 2.425154999298416089e-02 3.910859909123689387e-02 1.543013416157761573e-02 2.243014780642944156e-02 4.648313237565210310e-02 5.153266209330707032e-02
6.850866791925486199e-02 5.131804358367846736e-02 6.226294193929027276e-02 1.476354825520784404e-02 5.600664777852065040e-02 7.639379081797322002e-02 7.077976705955324466e-02 6.108386174565131471e-02 6.955080920281374313e-02 3.544391803538760044e-02 2.474617629912018515e-02 4.975765927138139227e-02 4.560040494854080556e-02 3.143271287842976883e-03 2.102148454733714436e-02 4.551966650908383788e-02 5.054656137249186228e-03 4.887395425790688405e-03 2.931383814301711382e-02 9.437564930165851310e-03 3.230009655193633034e-02 5.256276720080382825e-02 3.677973388244649977e-02 1.446385384129295548e-03 7.231690314382357987e-02
1.898745136917768389e-02 5.591067395108027154e-04 3.348691931277741202e-02 6.436222268174404681e-02 7.064502313659046240e-02 1.007787127163185803e-02 5.228347657131051339e-03 6.315898155410659687e-02 6.388054978214355306e-02 6.922590018361238218e-02 5.981297839018783619e-02 6.328565106688067987e-02 6.187606965782842250e-02 3.012241395637886739e-03 1.332449766499512779e-02 3.297689129459122591e-03 6.860451912875994030e-05 7.389563138338550718e-02 7.561833202151554967e-02 4.203500591050273599e-02 1.119754392449960959e-02 1.030382256925424338e-02 6.897043486881057617e-02 6.944223223174697535e-02 4.424689157774105985e-02
5.128850514994217485e-02 4.257625937635974717e-02 5.062377905306529591e-02 6.946712137021299194e-02 3.087415012204846806e-02 5.482227667207588764e-03 5.532074194052672908e-03 4.644792968763301194e-02 4.181226549851877264e-03 7.669478534248266692e-03 6.270298628267814700e-02 6.660432716225705985e-02 8.061871740457094912e-03 1.568737141283092773e-02 7.034379365399057171e-02 6.530108686349120339e-02 4.460577824559238541e-02 3.365450186512203984e-02 5.608461009776724571e-02 3.463480694999886839e-02 6.927883808670698418e-02 5.455156256107062535e-02 4.523472822867180554e-02 7.958317448187758950e-03 5.115266769655507639e-02
1.035674791570190267e-02 1.289982688253865813e-02 7.604132264901401761e-02 5.055243904354547041e-02 4.963602741267540003e-02 6.157816586876408566e-02 7.452928427631440311e-02 8.347364390603721762e-02 5.697541510047899292e-03 3.544115316103083838e-03 6.838144072751773349e-03 8.622679744553984893e-02 4.708901796711461446e-02 3.311235872493859672e-02 5.371681999984176392e-02 1.069115392752294225e-02 3.427834261468742233e-02 2.610362161412494580e-02 5.949743080931418210e-02 1.380451194568953557e-02 8.579040189321342214e-02 3.628348744112093981e-03 9.074196218170861236e-03 1.457053853687681998e-02 8.726920070535892915e-02
2.672765778046971505e-02 7.108130835521679625e-02 7.016237480871763410e-02 3.916508583125499071e-02 3.083593275606101580e-02 7.711828950047952547e-02 8.485946263463313086e-03 2.270380991321266188e-03 4.197464315302826959e-02 3.344400951363847574e-02 7.319381966069969485e-03 8.929963181270371073e-03 5.180996252489001447e-02 9.882599566855430895e-02 7.239238380181652055e-02 1.861768094459646458e-02 3.705351809723533146e-02 7.047183275293814053e-02 8.011935043267477685e-03 2.034959129801127559e-02 7.201148025229854761e-03 4.872974171207761912e-02 5.642556446766243405e-02 8.929581360337957019e-02 3.299857959349664169e-03
