1.371494975890396283e-02 2.753116421214632167e-02 4.111208716664754154e-02 3.020872586403261159e-02 9.834325853543102181e-02 3.515062627567999698e-02 9.012022321789726897e-02 9.863740264226684984e-02 2.898540463237667120e-02 1.534664322280614689e-02 8.467864588566781370e-02 1.448845763225642879e-03 1.245879357358651088e-02 1.946419540238239834e-02 2.288334989492330895e-03 6.310160435578766880e-02 1.638536524047004258e-03 2.714732178197133347e-02 5.528995064111814906e-02 6.670410300505741352e-02 1.210405125463361216e-02 5.351609036066800468e-02 7.043970651659992033e-02 4.580536695540739223e-03 4.598879772203307709e-02
3.009840671316720007e-02 5.870928185941128898e-03 4.726565580307644232e-02 6.283095409659085126e-03 5.568231339873643687e-02 4.092206790877245259e-02 7.027961765207790812e-02 3.889090726649584162e-02 6.933881434637872987e-02 2.908844214688287647e-02 3.885147206892815286e-02 4.896656356600898735e-02 5.621404663670490770e-02 2.483832445555449880e-02 3.976816906696580001e-03 5.684909483501859179e-02 6.173825117127718781e-02 7.147181744880787280e-02 4.941400548515489238e-02 6.488937060348116959e-02 1.481357741760073489e-02 2.790527668543858406e-02 3.244643327201923028e-02 2.730195443165959676e-02 2.660274618446088757e-02
5.472510926926040659e-02 7.103267485539307979e-02 4.475581576280882046e-02 6.208624063579711722e-02 5.039220268150140097e-02 6.003845648180075600e-02 5.103633182015621800e-02 1.174095750157817114e-02 7.326181064756182026e-02 1.430978566866079188e-02 2.343231558137269174e-02 4.549304609022133961e-02 5.769424403908896687e-02 7.902547959613739903e-02 1.245854088194601854e-02 4.145314972439685837e-03 5.218107436992035220e-02 4.881385895084080356e-02 6.207622749309495147e-02 1.554847190928880692e-02 6.667454495902927492e-02 5.461299679822401686e-03 1.099582557318223852e-02 1.513834867430463235e-02 7.482021904791909088e-03
3.458344969461159702e-03 5.185622859534833040e-02 7.821571660536880133e-02 3.361076531134936374e-02 1.213373493266105968e-02 2.366041537836587050e-02 1.956265734929887173e-02 5.727585617919526972e-02 4.977777437500786190e-02 4.893384178161648557e-02 7.881558217710443737e-02 2.208507166345520176e-02 5.011935117974063852e-02 3.170408565699089215e-02 5.901252229724715526e-02 2.892811536610630577e-02 6.633837869137791665e-02 2.214476291679367409e-02 5.541288544852124298e-02 1.682048639319550301e-02 6.090508225070728754e-02 4.150885925302382623e-02 1.895877040671209088e-02 5.943216287994417674e-02 9.328547941406651819e-03
5.532912785591698884e-02 5.938132945909248978e-02 4.169403587146641027e-02 4.137554962094474459e-02 5.891262608091289710e-02 4.393488531327726515e-02 5.791044982349543256e-03 5.727672894908871458e-03 7.418407256862454002e-02 3.827664593311702612e-02 5.154535592159190799e-02 2.829413959703650644e-02 2.774211203812207774e-02 5.315317417182058995e-02 2.411576224010871308e-02 7.861172723303682178e-03 2.565525269299174377e-02 9.193150226390247454e-03 7.573456611766213320e-02 6.588932817491559291e-02 4.940179442573160162e-02 5.615686483010197752e-03 3.400350939268662054e-02 6.939428165379063485e-02 4.779372356022701385e-02
3.802311651583643176e-02 3.610383295876215537e-02 1.704767871313820141e-02 2.949150301917645390e-04 5.214830856324574604e-02 6.457678644840653126e-02 2.003209338592470273e-02 5.674519306702542620e-02 3.950956714712087342e-02 1.115075344076821989e-02 5.154989383156875077e-02 8.032098928145800509e-02 5.836789511509170303e-02 3.836402410477721125e-02 2.268598281832239112e-03 2.477797407899508253e-02 5.853899385383311282e-02 6.649423051335445756e-02 3.179323058476957869e-02 1.954122134720240669e-02 7.454104261161817457e-02 8.802574963364992455e-03 4.028985171808809745e-02 5.962021205647629468e-02 4.909702238714986483e-02
4.652744366431016063e-03 1.768235391994944783e-02 1.475981217448673298e-02 4.351114030923947801e-02 1.749226395253755673e-02 6.374398897318798995e-02 7.256310159902682431e-03 3.358108495214188333e-02 7.506429534650636837e-02 8.092132619087677448e-02 2.651847520421342363e-02 1.746305666449732980e-02 1.749616716707971678e-03 5.946447492120997963e-02 6.171027578929111183e-03 8.481459770252092190e-02 2.552166062899711985e-02 8.187277047673892361e-02 6.155006762003598780e-02 3.507648044713904817e-02 2.734624303932318978e-02 5.706636483850512781e-02 7.914163966598060374e-02 2.271274346200011576e-02 5.486546068794125736e-02
3.454214815191524596e-02 3.072788220162167051e-03 4.069319466512419901e-03 3.623231045310738429e-03 3.680432949069579844e-03 2.444089208530925844e-02 6.349126831381131375e-02 7.513859924039319182e-02 3.271611320808269496e-02 6.172137803284066804e-02 7.064059325560907709e-02 2.042026931609912735e-02 4.995439204476026518e-02 7.593075230807751208e-02 4.583748605611488725e-02 5.753626483617216292e-02 9.415440092312918341e-03 3.240855756543391253e-02 2.841974461287779738e-02 6.214705857971265096e-02 1.093274508117163604e-02 6.103856636029423438e-02 4.365536157086221530e-02 5.097837210836423522e-02 7.418822549873015093e-02
5.006513358559243343e-02 3.503164631125019191e-02 1.784410658179389625e-02 2.548190793849980026e-02 1.516158643600444209e-02 1.692257864049549407e-02 4.233441921458080959e-02 2.481890644161096129e-02 6.342921258399324136e-02 1.470081498585501523e-02 4.626358840841106324e-02 1.764939514558843195e-02 5.725990708185238476e-02 3.339780022556738254e-02 5.795965056030054352e-02 5.801898384494937055e-02 6.489369739922883074e-02 4.988753032562717044e-02 4.100661864897903186e-02 3.158393540742433780e-02 5.715039341181045451e-02 3.186169755356043493e-02 6.169029687341563706e-02 4.883940436646191235e-02 3.674678802714679421e-02
2.230583081000285170e-02 2.763710032912925288e-02 1.303852288067237561e-02 6.447709746209244475e-02 5.605484458847629498e-02 6.240419154405749125e-02 3.923116916685717021e-02 8.027687713761683108e-02 1.348557740017548162e-02 2.660019562121921505e-02 3.820092861906965176e-02 3.498886353322657686e-03 6.049333271184304667e-02 2.368893203443678611e-02 1.943919977682494193e-02 5.224717186371147237e-02 7.167071524486620659e-02 2.577002708938443219e-03 4.386558915699809852e-02 3.718675748444088408e-02 8.259482599164819083e-02 3.014092166255468233e-02 8.421676993121008509e-03 8.180184959223171792e-02 3.866080286569287261e-02
3.622941958195721041e-02 3.951509385158178539e-02 1.902047260643107904e-02 4.865322870221481383e-02 5.386956811678100809e-02 4.550047535702468615e-02 4.408446196095471004e-02 3.158871094957245440e-02 4.886322415399162872e-02 5.326308635796841474e-03 2.736890635448695555e-02 1.572644473734895925e-03 4.304656290346105252e-02 7.067594117870659720e-02 6.987039402089384454e-02 5.349501486438983794e-02 3.980004008651401304e-02 5.843606358869755241e-02 1.750473964883231606e-02 2.171809366468401697e-02 2.564306119054002991e-02 3.361340899692422113e-02 6.621256992066544556e-02 5.980324884036212346e-02 3.858834635080088393e-02
3.403637807177676416e-02 1.163330882503556263e-02 2.426228725717084408e-02 4.499745623749405732e-02 5.791130696075107165e-02 3.985925472263495556e-02 4.672186845117941301e-02 5.195267693032242645e-02 4.370306974647447662e-02 5.467534375371463362e-02 4.478033248321711818e-02 5.710947479989709336e-02 5.745173923452839143e-02 6.024216098735839936e-02 4.927440114007514832e-02 6.925940684393390922e-04 3.632994710695731239e-02 6.207730568641515664e-03 5.645059504656878974e-02 3.063354722531493393e-02 8.800301889132307234e-04 2.324847723695895596e-02 5.328954153391143173e-02 5.293519268617956353e-02 6.072128473648448488e-02
4.879201399693510605e-02 5.601109757436156800e-02 7.701447758235963753e-03 2.376266431100140797e-02 8.639303471784820498e-03 4.660723098208158222e-02 3.524013912535688131e-02 1.514121668162141110e-02 5.476154770829650548e-02 6.482275592312022883e-02 1.300020423352163043e-02 6.713714521469645036e-02 2.294857483905030082e-02 6.380012591992384463e-02 4.874232194182413075e-02 4.026611837432073071e-02 3.433041920713644779e-02 6.794880216967935649e-02 4.606455066731429682e-02 6.195634865523942658e-02 7.515096849355595854e-02 1.363893953154535384e-02 1.968731025907932697e-02 4.970300560880413360e-02 1.414574735151308618e-02
1.272499026910940863e-02 8.103156799121376264e-02 7.634404786710352608e-02 7.550648849421852382e-02 2.182932864115207094e-02 4.503910230108664620e-02 4.180303104560244287e-02 3.116190588923223575e-03 2.919505626717713940e-03 1.343328265701287244e-02 3.431253843881982429e-02 1.466811675541283659e-02 3.833689937139639261e-03 3.623668321990992924e-02 6.600743435905079282e-02 2.762598443915420705e-03 5.232262387836233986e-02 2.961913892899244866e-02 8.333527155606756942e-02 6.344101578382593809e-02 7.599978416385290425e-02 6.685925440141500531e-02 5.491227647446726007e-02 5.478222706378829167e-03 3.646381547024905856e-02
4.798649896356802468e-03 7.562265917590346720e-02 4.878694063452598817e-02 1.454353801037940389e-02 2.072700797812286264e-02 2.744844681338054135e-02 5.161450502858243999e-02 2.275200765856931137e-02 7.567066267263283796e-02 2.232651630871486728e-02 6.921650024879726082e-02 4.383434318571844540e-02 9.402186989393358785e-03 2.799488327628556900e-02 2.455884598249309658e-02 7.948166048497427860e-02 3.357329803564609166e-02 5.067280403673638661e-02 2.792055348917953095e-02 6.757165003025646099e-02 3.925684269255298731e-02 4.168517738654346771e-02 6.967826972454829737e-02 1.724681107122645260e-02 3.361523918847975773e-02
5.180283395654025624e-02 4.693992387072288414e-02 5.129911077413831788e-02 7.313631356963036512e-02 1.973612147718042942e-02 2.175418422281700029e-02 6.411719129285178842e-02 3.580092287775378523e-02 4.670786723844394701e-04 6.799786304277671833e-02 6.745135230696093498e-02 2.912527222937004445e-02 2.940294176666627401e-02 7.327766840543077642e-02 2.545928366595153272e-02 9.368979375919706323e-03 5.119321573045489820e-02 1.983297091224090619e-02 1.293647264178021151e-02 5.151276364123923146e-02 5.728300353665759410e-03 7.527286166023268443e-02 1.772929425342278584e-02 2.765957722836245511e-02 7.099750207150580528e-02
4.351791302807884315e-02 6.734726946433377973e-04 6.480074532114660224e-02 2.302913209506978962e-02 9.837811549022624363e-03 1.790154962383950707e-02 3.926462227535407884e-02 5.337844184004585796e-02 3.802865135286773168e-02 3.392642462614092747e-02 5.298357773827704065e-02 6.526658291040131343e-02 3.435195807190020295e-02 6.740015714475993368e-03 9.773533864717310823e-03 6.540947093584002781e-02 6.574932701860039530e-02 5.125963969182574520e-02 4.261887264698670241e-02 6.137000600087731683e-02 5.509919648276796061e-02 5.079972582574696777e-02 3.851130620002472110e-02 5.073111983248826395e-02 2.497690265886058636e-02
8.960650688135200770e-02 8.406886841973269797e-02 5.723161820093984609e-02 6.432487736425558308e-03 4.238212926465238090e-02 4.920374570430351147e-02 1.832254903827077591e-02 6.231331724271747113e-02 3.564104386882341931e-03 3.007069948503570539e-02 1.564015995312298055e-02 5.769190326386895024e-02 1.419758656842759308e-02 1.905416890846284642e-02 9.992800278843158579e-02 2.714963793741959758e-02 5.459775190667182088e-02 2.439600145622019059e-02 2.562049797669804611e-03 7.493409957397123566e-02 3.823535481662944380e-02 4.934539858926501738e-02 1.530576161774052776e-03 1.939050557168798053e-02 5.815077634606468510e-02
4.623612465678548361e-02 4.401245489602578775e-02 6.470471439890425336e-02 2.474037529327040644e-02 5.886593855690583355e-02 5.127470383572811652e-02 4.767029221559131169e-02 5.761822436098363448e-02 6.084548178493361797e-02 4.760063790239781739e-02 4.262056683885720801e-03 1.296168649065572095e-02 3.846917201114887636e-02 3.790002753392733570e-02 6.619491599820595540e-02 3.863048128392113784e-02 5.534788509910529286e-02 4.309823378942616301e-02 6.204552939580582072e-03 2.451170692524575270e-02 3.240037695030149878e-02 1.006223592877925760e-02 3.181427162323947899e-02 4.012780671764191315e-02 5.444564212340899378e-02
4.414445491386384535e-02 5.703523400039122587e-02 5.765627065007386531e-02 4.319998473747433884e-03 6.216816702760141061e-02 2.869639016104421139e-02 4.204875537821848447e-02 1.905440144305083419e-02 1.962029308031609451e-02 3.305264182404746981e-02 6.330596685669394319e-02 2.906455499606066389e-02 6.450505740568007740e-02 6.295185535910080565e-02 5.236064441705074596e-02 2.810601281236943527e-02 2.602556557732288792e-02 5.229559173939242467e-02 2.701034362964022453e-02 4.582927024788117400e-03 5.818845619294039234e-02 2.071399868853441087e-02 4.487581680408107843e-02 5.169197324412464628e-02 4.652462829986531156e-02
6.978219337007685041e-02 3.662926882492524572e-02 6.732804044646131802e-02 3.318623832634995819e-03 3.288368247486745527e-02 3.864324369622942901e-02 4.249205928391230208e-02 1.628270878778810549e-02 5.825732147843858122e-02 6.440767134642247371e-02 6.817802057541293148e-02 2.643711569446581880e-02 7.142419369246497118e-02 2.763001877100052309e-02 1.841250416594163858e-02 5.112100474913328779e-02 2.227526231210533864e-03 1.446129015360318563e-02 9.475033420126805633e-03 2.312951967703505765e-02 6.432358577140015465e-02 9.563272582626132501e-03 7.009593395112163894e-02 5.437139315621293545e-02 5.912477386648757466e-02
3.330404007144843748e-02 6.570615799537692092e-02 4.243439764672476272e-02 6.342939466449766528e-02 2.314043877928950374e-02 6.746008027808596264e-02 6.884112138072427667e-02 2.838620662769338748e-02 1.145139265246186179e-02 6.844468084590220325e-02 1.693521593591880078e-02 5.618341213589421457e-02 6.617529369197801270e-02 1.670337806198157315e-03 5.102697577261468970e-02 4.448376403127056455e-03 3.679831128198615686e-02 6.011725591141803965e-02 5.673993414959001627e-03 1.489115808601850811e-02 5.511186747555413962e-02 4.943916334570092747e-02 5.346990114217107376e-02 3.623526075919004941e-02 1.922556589506614969e-02
3.104239747331215965e-02 6.522149891851813930e-02 8.977610002378656751e-02 2.808801060196234461e-02 2.108560872582485729e-02 2.925286816742072443e-02 6.613550247445591952e-03 1.594691225824232741e-02 7.500317530618509643e-02 1.020304258496877205e-02 1.427432808385444354e-02 7.630379852423777032e-02 2.171686260475528402e-02 8.584567854300385881e-02 2.693255116345264974e-02 1.651688179877329465e-02 3.671147963906938594e-02 6.122482072542720366e-04 3.843131590239377837e-02 4.963641094299661022e-02 8.882068328886477682e-02 6.537276266987590567e-02 3.505531701385358745e-02 3.371238670333201459e-02 3.782413060661574816e-02
1.876412613983454922e-02 1.392624275448644568e-02 1.438137779957265189e-02 6.417903790070957071e-02 8.065977122596085236e-02 4.157085121214543211e-02 2.308975981300350616e-02 4.807959916747896190e-02 1.342764451987820719e-02 4.590145002574610306e-02 2.572024889497379410e-02 6.208125432924919973e-02 7.894195463452514938e-02 7.992324446043266861e-02 5.167499934008145009e-03 1.628963022248342690e-02 1.983319161998733926e-02 7.813225968548943856e-02 6.070882498927527432e-02 1.330651973804123159e-02 2.164164349399729740e-03 2.791361995319503048e-02 2.076686133974093781e-02 6.818494089113696921e-02 7.688592439924539501e-02
2.644016093291816707e-02 8.097100234420760712e-02 3.170243481331837948e-02 4.288569452022045897e-02 4.425476122713288958e-05 6.471623591780963081e-02 6.276894257882097497e-03 4.962606297054136112e-02 1.554589197958448910e-02 8.659355851652295044e-02 1.971759035552589703e-02 4.638681515007786471e-02 5.503843620078292115e-02 3.790786024230214518e-02 1.360199034468278882e-02 2.071103686620857920e-02 5.317561116985272673e-02 8.590600447325069666e-03 8.834363934479161351e-02 8.273816972425453165e-02 9.504157893097610679e-03 7.967475496043130087e-03 4.785740777864445211e-02 3.569306445405004066e-03 1.000877115267732875e-01
