3.715943487232840903e-02 4.842452397930975538e-02 4.081230920208022556e-02 3.689331805195782132e-02 2.868510488850523760e-02 4.373263423215441315e-02 2.962845003178546377e-02 6.038076779512108194e-02 6.524832813237071982e-02 2.596231696959117388e-02 5.360665285911110634e-02 3.581077394091595339e-02 3.846154426139185983e-02 6.267092145611066756e-02 4.809757338880752027e-03 5.899409388730577665e-03 1.368960890230070879e-03 5.637558606455837784e-02 5.268796212276285335e-02 5.890736931501108775e-02 6.626095074708643340e-02 5.410996706015323843e-02 3.124615590514386032e-02 5.284859589754094256e-02 8.008204597167960584e-03
5.275915318852761327e-02 1.181895546235215214e-02 7.788450519044669285e-02 4.302448994607497440e-02 3.418736388441739188e-02 2.181164487604615038e-02 6.383274257788759676e-02 3.760793043567348809e-02 4.686530491482510108e-02 1.549150483519028208e-03 5.092179303205058433e-02 5.046505885079565629e-02 5.086395690018558763e-02 7.780858541330443190e-02 5.621359575408776260e-02 2.964011458712572517e-02 3.603168989658762922e-02 5.751714650452786209e-02 4.965370377969961953e-03 5.497248271080718701e-02 5.529164524680139914e-02 1.734527449162909588e-02 1.062950280003491059e-02 2.600591656121905085e-02 2.998662591310306130e-02
5.030930620675793524e-02 3.869846163343232393e-02 8.720568871203655814e-02 9.003564904393969795e-03 1.842950578998897929e-02 1.423257785797921518e-02 5.762471560114493935e-02 2.234829352406788802e-02 4.114329066077472563e-02 2.156603227297255315e-02 1.402612199175038918e-02 9.738562304342082004e-03 5.790893249845172064e-02 1.219208661398787051e-02 1.734475314786758371e-02 3.253316833647895007e-02 7.243744955592229529e-02 8.567389487947876456e-03 7.393312120104719720e-02 8.478904966747092750e-03 8.615446591857012226e-02 4.134979016205237584e-02 8.618107857854130638e-02 5.336641671670365461e-02 6.522632135604049253e-02
4.331432617004680498e-03 3.125869643458732694e-02 1.328534412736961066e-02 3.273242091386766028e-02 1.312299276987917949e-02 3.514672901059030102e-02 4.578855156763864814e-02 7.090232493352024296e-03 7.653904830208857479e-02 6.262654460515199029e-02 2.933354065483597881e-02 5.783468665091708732e-02 1.038325889135361182e-02 6.365945344181833665e-02 1.027152495582662056e-01 3.521147459539619717e-02 7.376897044725570785e-02 1.456763770627923435e-02 7.917575443472020524e-02 3.198809931460695755e-02 2.024816900634794289e-02 6.482736357395678384e-02 2.222490127517582140e-03 9.162286706000966063e-02 5.189916951885676331e-04
4.345494122636209267e-02 1.731026017921127175e-02 4.713342222707452706e-02 6.168608230537593606e-02 1.594760919027597007e-02 3.693755130644047618e-02 3.795591569447639979e-02 3.668717356816544872e-02 1.430180396733702654e-02 6.108091209257647536e-02 2.866528919533430780e-02 5.426341365107955478e-02 4.484374332566379989e-02 1.906873691670319532e-02 5.217272595983298011e-02 2.542005502825422925e-02 5.648768592427503427e-02 3.726550939028430015e-02 5.652821412075770269e-02 4.439832596364558931e-02 4.649618354354869559e-02 3.213999713688943383e-02 6.129469539170353393e-02 4.128632858405757028e-02 2.717342411067447117e-02
4.437689561320242587e-02 1.404591176175506648e-03 2.206976240389437252e-02 4.831263193148315621e-02 2.122837689306626349e-02 4.522742923413456545e-02 3.137802904249627212e-02 9.914224411204715370e-03 2.182881228519414560e-02 4.171100987954396572e-02 4.324108224776947174e-02 4.203010690493576285e-02 4.780235649395505465e-02 4.772203591280309992e-02 3.157194115768213738e-02 6.561081781509083000e-02 2.689880816355568263e-02 3.189734291104476260e-02 6.527248112007702496e-02 5.899865905877706845e-02 5.151177398978304400e-02 7.334775542121902900e-03 6.728931494885423414e-02 5.226940350629061260e-02 7.309733735686395339e-02
1.240043247840644756e-02 7.203252376649782462e-02 1.348280711034962817e-02 5.107588761751011980e-02 1.027392943878280805e-02 7.036325244978891558e-02 6.698707127603015232e-02 4.722097917906376702e-02 3.378592346792363976e-02 5.739112657306467274e-03 5.786896298133696603e-02 3.763258088136424429e-02 5.991236720535401267e-02 7.188783812401743079e-02 8.094363185788525095e-02 7.101004983910662316e-02 9.719729528876664337e-04 2.986908210492455334e-02 6.057076860074833008e-02 1.424092584416845192e-02 4.323287084987860462e-02 4.508679820459310546e-03 1.659465732026348464e-02 1.536840863557303828e-03 6.585685131238805390e-02
1.948263680698347419e-02 3.004742989252177920e-02 8.074800025207572174e-02 6.128779311097713733e-02 2.770155920522479262e-03 1.432926607188631483e-02 5.407192071889668772e-02 5.022195204912049959e-02 2.069793857021429845e-02 8.128157810210269452e-02 5.341829806953021786e-02 4.660289784763658322e-02 5.132530011623054333e-02 6.352449320825792611e-02 2.714087090319588016e-02 3.464734679882763152e-02 1.825752034271327720e-02 1.619978011798762704e-02 8.216541214802888793e-02 6.434484587235861364e-02 4.267252047931983233e-02 1.978628010951978197e-02 2.213036443975505141e-02 5.048845058564664992e-03 3.779655299277246555e-02
2.594378594800884549e-02 5.794106806214867345e-02 3.143182263150007955e-02 1.494439033729925460e-02 2.053457674806161322e-03 5.595680201440255547e-03 5.653063978120234645e-02 3.775102398777580720e-02 4.464746650316390314e-02 7.460986316940182439e-02 8.240372356079564420e-02 1.804747676593450312e-02 5.517314358996162210e-02 2.191042208029801708e-02 1.718320031441093829e-03 6.310286504372786265e-02 2.662785796762641086e-02 3.190710898925152444e-02 4.895245301499476925e-02 6.914954455838175085e-02 5.233606746487239059e-02 7.261116364822631231e-02 2.276077526634514084e-02 6.640355896652069823e-02 1.544632075487516881e-02
8.657960925414144582e-02 6.247164939041117970e-02 1.958305400685197289e-02 8.608700017805835658e-02 6.641243099502056046e-02 2.307552551321255876e-02 1.938353208129389021e-02 4.708858961876388749e-02 2.331955874405781861e-03 1.885268193962304911e-02 3.859091509813671050e-02 3.400060281271011925e-02 4.212482215564775784e-02 2.522795485544272395e-02 5.332074337662986302e-02 7.849804337133828303e-02 1.068004960963516402e-02 4.701393070130417684e-02 1.200095000688536015e-02 6.514061141651109055e-02 3.598970883030788714e-02 5.137949717176756165e-02 1.665452933751414982e-02 1.316222944808676833e-02 4.434938295629967109e-02
2.589431952928351183e-02 6.847855178966288925e-02 5.572797191046972159e-02 5.451473732231645886e-02 6.580531351994442502e-02 6.074493316260503283e-03 4.020848168793134114e-02 4.255924626959228102e-02 7.004441995959531653e-02 2.127303272147713226e-02 1.753620361486962417e-02 7.303010020327473616e-03 1.196340943695073638e-03 6.768466530861243224e-02 4.878068547336017469e-02 5.717174392063777144e-02 2.051447713464548198e-02 4.270007961541550517e-02 4.656970688197895232e-03 3.536148962885210523e-02 7.117734769541383955e-02 6.382366117857457555e-02 2.462340354705032375e-02 7.001775296931533887e-02 1.687160023449877852e-02
6.682037129742719739e-02 6.626141426285170333e-02 5.625403433259595215e-02 4.437578211916010790e-02 6.153912170633326489e-02 2.062502475055244533e-02 5.975518681091524648e-02 4.349092106368939586e-02 9.317120122091064605e-04 2.444096972195406239e-02 1.042729491835829927e-02 6.910871545919360093e-02 3.367138708230487526e-02 3.501023569529716772e-02 4.501100154269623704e-02 2.594382377611031618e-02 9.636095660120424372e-03 5.786697881166043972e-02 1.336295843276643844e-02 3.599056866715771852e-02 1.578916040691812073e-02 6.887048511963343896e-03 6.068768043280438340e-02 6.848156800852116255e-02 6.763094451643901495e-02
9.803001082441054059e-02 8.370129403907648757e-02 3.602451574947625190e-02 8.769865877189229192e-03 4.403685872088139441e-02 2.511254467087055756e-02 1.432649659131007315e-02 5.777326609766013886e-03 7.846185196471927581e-02 1.235703598587938002e-03 8.332643636457549852e-02 1.589001583641052803e-02 8.599088112593753289e-03 9.689187726351732380e-03 7.267161678024543214e-02 2.653268361230393460e-02 4.547486448006621967e-02 6.027084794434803272e-02 9.305535177699469918e-02 7.861863615040330655e-02 2.923179827319757548e-02 1.421783911608962871e-02 5.987879655407637655e-03 3.261324588311925038e-02 2.834403964160501013e-02
3.937832462985160070e-02 5.898724253676011081e-02 6.005290169934366512e-02 2.447600146092051079e-02 3.279885213895105539e-02 1.563864715721682841e-02 6.807463187680259931e-02 4.907658233673240986e-03 6.017132798180413467e-02 6.722427760421538501e-02 6.711309970720509555e-02 2.239578476160478462e-02 3.227105012751612517e-02 5.072710228219379225e-02 2.355254108434422927e-02 3.201548597162799659e-02 1.701157051055712452e-02 3.969906557645010159e-02 3.851351555051807287e-03 6.904586934934285603e-02 6.643601057138867269e-03 4.479070796832210211e-02 2.648672049572924070e-02 4.985891495309940913e-02 8.282726928027736579e-02
4.816106110453672456e-02 2.638121016033785626e-03 3.210903595186082038e-02 3.804845870729520185e-02 4.000010425983971385e-02 5.083348655113176934e-02 2.070932286618372073e-02 9.613301760241754410e-03 2.929453055629294145e-02 7.135012007116048327e-02 1.396040537734710360e-02 6.743933269028892785e-02 4.056920500224456966e-02 3.408666847057904153e-02 6.580236716239870609e-02 3.421293595111588731e-02 5.402461172318383242e-02 2.976822904375699824e-02 6.744384150543682177e-02 5.147749210326824088e-02 5.219345345328559732e-02 2.444871401700944580e-02 5.645746960684709659e-02 4.745165320223116573e-02 1.790607784642961331e-02
1.231119808016370963e-02 6.107266167993071621e-02 7.355535476740429623e-02 3.513317067670831961e-02 4.532064586563346736e-02 6.577594881436484020e-02 3.506297364086359558e-02 7.299614542031564179e-02 4.415247658534323522e-02 6.294195039064469366e-02 6.969625706778385943e-02 6.253985868666404879e-02 1.222497465710111267e-02 4.822816771504235406e-02 3.055462226428441383e-02 4.809251510625213617e-03 3.251764878164060957e-02 1.983763639446336699e-02 6.510997546198198094e-02 2.554023058440651507e-03 7.354125352078015598e-02 2.725207658390169790e-02 2.735468665037865676e-02 1.252179552457314020e-03 1.420486217308214102e-02
3.934958635996860243e-02 9.113113285915222517e-02 9.768756357504069718e-03 9.270116783116742754e-02 8.526655182799650068e-02 4.453751854541340011e-02 3.203798174316630637e-02 2.282409562016675733e-02 6.025759386192974798e-02 3.243465864308788665e-03 1.530411565233596874e-03 4.204993097842630451e-02 6.675696519031938149e-03 2.470663910698936080e-02 2.168818562658732588e-02 2.482924073580291061e-02 1.285195522673605178e-02 1.180334400582543812e-03 1.132498872769512749e-02 6.065137980507050858e-02 9.554061375803576950e-02 9.711836376967640516e-02 4.011396470250595814e-02 1.598015560408718935e-02 6.264028860276522892e-02
3.565139581324701379e-02 7.194259626120060036e-02 4.748441259771103012e-03 5.695104320490277511e-02 2.097021591276636288e-02 1.755418504330403390e-02 4.817245594822259364e-02 1.789190361665594572e-02 4.841637384348265738e-02 3.761486762108856574e-02 3.083662964964856146e-02 4.033281455845835750e-02 2.087227363006457712e-02 5.137691175974716529e-02 3.016533790333697160e-02 2.621621929287657610e-02 6.025383133625286658e-02 6.725678543854539393e-02 3.345313001972518002e-03 1.691492262239682048e-02 2.534176320495737031e-02 5.925836366067244870e-02 7.165768271707127768e-02 7.045649005910963047e-02 6.580118264024786834e-02
2.265479621786458536e-02 7.578262614189931745e-02 1.905392287553021521e-02 8.090479412250970587e-03 7.264603771447782077e-02 1.783165268691880648e-02 5.269340534590454678e-02 4.458012109224339554e-03 5.582099481762145543e-02 6.735717327463157378e-02 2.081224737463041249e-02 2.895725953979184225e-02 2.859357483622541538e-02 5.720211434831422997e-02 1.816678739763264230e-02 1.312835841620895762e-02 3.432269671055991622e-02 2.325922779753672107e-02 6.410809951667548190e-02 1.816179003901474340e-02 3.837899286654881253e-02 7.200670457879984609e-02 4.843292938660203467e-02 6.625476193673665581e-02 7.182535465839863520e-02
5.805467731834580009e-02 5.409630424000611698e-02 7.485023804028902161e-02 7.689440449177972758e-02 3.493818547516890083e-02 5.480174037140499860e-03 2.264099437646566529e-02 1.178118972484842354e-02 3.228312618772687798e-02 1.015225936481157880e-02 4.671484502694935731e-02 2.960154300966153298e-02 6.923784160215863681e-02 7.483702319326378249e-02 4.228917482488632473e-02 2.125138572422207925e-02 4.579562470856797518e-02 6.934418792794405650e-02 3.145162266621893271e-02 4.269076489180778644e-02 2.100619590318238833e-02 3.521830132861528129e-02 3.106345389191214959e-02 1.920916160179474141e-02 3.911732044223234506e-02
2.650336725901593013e-02 3.185338516526643043e-02 4.482713900664010709e-02 6.409318453444153019e-02 2.847814719735553002e-02 7.891376382567667769e-02 7.363323771339985724e-02 4.157656298889917182e-03 2.165849308397576126e-02 3.809543744195484360e-02 8.934158068957575097e-03 2.975630691473292802e-02 6.319680497986122913e-02 5.810901869299143346e-02 5.314530314334081629e-02 6.067190247936635888e-02 1.749839964636815820e-02 2.917754536345765898e-02 5.774423341831670664e-02 7.507771060905939209e-02 4.642457885658917566e-02 2.413967631329298758e-02 2.581783667125690448e-03 6.065554402878260698e-02 6.732222911407636373e-04
3.110771921657096151e-02 4.428422211230631511e-02 7.696913178626711705e-02 7.470157043258193741e-03 3.388422047950705174e-02 2.029435648756128252e-03 2.859792020660118644e-02 5.193795582755723200e-02 2.329394934899220448e-02 1.750793931816828700e-02 9.657810127403762199e-03 4.817420164805991806e-02 5.803455539849622369e-02 5.608861819169198848e-02 7.920193163061173269e-02 2.256386944987434640e-04 5.402184726099611839e-02 5.011505781747574439e-02 4.914240686343329667e-02 8.036294819031239434e-02 1.408287506354950844e-03 5.813575713801720501e-02 6.791818756980859406e-02 4.255387654237936801e-02 2.787622443247549098e-02
5.436191148533946887e-02 6.684424440751684723e-03 3.038528305590116815e-02 3.574123606426428401e-02 4.770217641950997428e-02 6.247434500371256208e-03 1.565606103263368284e-02 2.820390044712912242e-02 4.284492798864187463e-02 6.096918912506484045e-02 4.253776546383646745e-02 9.174067032786604320e-03 6.740453110692172511e-02 5.992606489983268170e-02 3.455674457363923369e-02 6.340168554475933416e-02 3.721421364082332789e-02 6.346754384809195904e-02 5.704668198668406270e-02 6.655946748336773189e-02 6.322535712046434275e-02 2.476944501069184429e-03 1.201373003305652651e-02 2.674890054410145740e-02 6.544975766095789682e-02
2.422735624095095908e-02 1.295777347197647755e-02 7.156916380195434135e-02 3.604638028485211698e-02 7.331101776891200961e-02 1.293862136680875262e-02 5.338528531321370951e-02 3.555132884659745196e-02 6.176311951037525942e-03 5.623944766278704543e-02 1.997746682048055430e-02 3.198956220226672597e-03 4.840506278004768140e-03 4.932096141858426444e-03 7.329949983173669747e-02 5.974567813498465191e-02 7.251859818316902517e-02 5.431106869833021711e-02 4.271193627960460232e-02 2.458406522341267941e-02 8.058552162302784483e-02 2.924679185202129147e-02 3.800493558071629807e-02 3.054332434119474624e-02 7.909686808214114184e-02
1.429168618205164942e-02 2.683811355438524282e-02 5.567055716834710261e-02 5.172058836840892800e-03 4.968909719388951013e-02 3.908414651621624353e-02 2.323872704087168867e-02 1.950852680158457128e-02 4.210078232008315074e-02 3.010622998068368875e-02 3.735542961212313245e-02 2.761459647532542652e-02 7.941211227371453019e-02 1.091888304421486169e-02 7.921129677675957728e-03 2.809854685357862647e-02 4.836166882734242028e-02 5.393811040315494437e-02 3.250613333787657350e-02 8.176743112257207902e-02 2.879417589873509153e-02 5.903019018987212124e-02 5.217116695962279588e-02 6.652936036456516544e-02 7.988113936467265697e-02
