6.649075355741969340e-02 5.713268626736279360e-02 5.217734148153141405e-02 2.507044858916787633e-02 1.103595795878572691e-02 4.680540272571046857e-03 1.807635566141530328e-02 3.230268189085621494e-02 3.900671277706156681e-02 5.776947014580422618e-02 7.164290954266952505e-02 8.766894540096110966e-03 7.995995322859938970e-03 4.406554960015572620e-02 5.570064393916951406e-02 6.337891657326594208e-02 6.993102250850935508e-02 7.348754561508136218e-02 2.987559598450264739e-02 2.842094093833951243e-02 1.104515662112745024e-02 5.118243610257242754e-02 4.907721830589466955e-02 6.441852130165229284e-02 7.267704502127590206e-03
4.287118526694147502e-02 5.004585522272518572e-02 2.080417241797596906e-02 1.455736372472678578e-02 7.403165697471114637e-02 5.041337708311619328e-03 4.053236629740662039e-02 9.976238053461140148e-03 3.936432270536571049e-02 8.439954884766406873e-02 3.649183658825604776e-02 7.382014022262263497e-02 1.010383810041703967e-02 2.336166634909632098e-02 3.477677072289862142e-02 3.443394029906773901e-02 5.782310317482840245e-02 2.968895196073245701e-02 6.147338530968431830e-02 5.505016312751217361e-02 3.437787318086336918e-02 3.718547030317720381e-02 5.292638219264218097e-02 6.032404603322843832e-03 7.083002664558901706e-02
5.763221954441055672e-02 6.406393129725540536e-02 4.735699747477662563e-02 9.744161184582678450e-03 3.572443437407313988e-02 3.575424353324437726e-02 2.831622418507337077e-02 2.641640343259030795e-03 6.502635803369537226e-02 9.683068694681927838e-03 5.347681635480289186e-02 6.202429237950726065e-02 5.598861332368362115e-02 8.459704112750897342e-02 9.110972075426763961e-03 7.648477133810201167e-02 2.574599849962470096e-03 4.718005393125295627e-02 3.565457981005073357e-02 4.623339604178491880e-02 3.220207352100194070e-02 1.680813988486208263e-02 1.686653401628160397e-03 4.570118876225844062e-02 7.433352953311432587e-02
3.836268013171415664e-02 2.290805961492040771e-02 8.277844079284226234e-03 8.769066823021875318e-03 2.275722921459346834e-02 1.028039495297197563e-02 2.724329711539791657e-02 6.799469896761169488e-03 6.743491260536937405e-03 8.801619726498843832e-02 1.666425995113642033e-02 5.752947262692869462e-02 7.950310588566752990e-02 4.691410936388276665e-02 1.576470971541544391e-02 2.051638692777113526e-02 4.450622850381917572e-02 5.429691599702245186e-02 3.591879163429284594e-02 8.032789453879166097e-02 7.719713705587581687e-02 9.530763471679262744e-02 2.976017933377307807e-03 9.206765673479209988e-02 4.035194806024346853e-02
7.077932970678077473e-02 5.566349548189798019e-02 7.956064605857907091e-02 6.118304395150454822e-02 2.937503668657031816e-02 4.037571269652980716e-02 3.032946984756466208e-02 2.940462650128900998e-02 2.102370654910559744e-02 3.996532820147295079e-02 5.493466223059737669e-02 2.234810243595994339e-02 4.225456937122954587e-02 9.458513997051562830e-03 1.288034668644001679e-02 3.771660007538522354e-03 7.822162147151233424e-02 3.110674500465037480e-04 1.438998887677046812e-02 4.938485461845644464e-02 6.556769133413100498e-03 7.106329454560626757e-02 5.798705296837669554e-02 7.787178534562183563e-02 4.090531518008473644e-02
2.198909457352756294e-02 4.022260957775281726e-02 6.813452015725218747e-02 3.811894838758033560e-02 1.955914998296556101e-02 6.422426233592337663e-02 2.722388903066107549e-02 1.012591245102446310e-04 1.813016846786275060e-02 2.329421083052481134e-02 6.286120984942504542e-02 3.356173731587325931e-02 3.254311603334484465e-02 2.460217679270246607e-02 6.446430460808368068e-02 6.917452860155154371e-02 7.260486963750568956e-02 2.757689007622835323e-02 7.072052955708818534e-02 5.796438500479896005e-02 4.945942211373395569e-02 1.792553894949926174e-02 1.584434362450155842e-02 1.215444923556365138e-02 6.754438613153870841e-02
2.657483716347129252e-02 4.094478526426277576e-02 4.463750675573116555e-02 7.032106276894735386e-02 7.629101353765002647e-02 1.256758818247542125e-02 3.857808288847947714e-02 7.616630036245035373e-02 7.392324749127031358e-02 9.254828085017883024e-03 1.413190015680188330e-02 2.748953497051808553e-02 6.809975920738658289e-03 3.837553805998823730e-02 9.725093338179549227e-03 5.134814134118796669e-02 2.228062054944056694e-02 5.389788996559138901e-02 1.062044433375352974e-02 8.818773541400717897e-02 8.427279450413885376e-02 3.540552915394680478e-02 2.188496241498262898e-02 2.262774501955458137e-02 4.368284235741397292e-02
3.487296210026644486e-03 5.578106774035478804e-02 3.560323651068124373e-02 3.290913483620605540e-02 7.057508510180189598e-02 6.182654266660314590e-02 8.321609238035256040e-02 3.068817035371671637e-02 7.826402084227551681e-02 6.713967321221066265e-02 3.116674935581323011e-02 5.420804288306542429e-02 2.516275109067230703e-02 7.624600858006010118e-02 9.803448085264754655e-03 1.852387199224616449e-02 1.596015471393030793e-02 3.514310035630358736e-02 6.498289576105922838e-02 4.594532672844646448e-02 4.252444724969445949e-02 4.760709991830804999e-05 3.709422081134261528e-02 5.541768207919654451e-03 1.815928723003411641e-02
7.052065801744492046e-02 1.629142197448885804e-02 6.491948579707866596e-02 6.072601559752224820e-02 1.203686219011628443e-02 4.581240183023582713e-02 8.747966898374011716e-03 5.505307332708756635e-02 4.821380468400032759e-02 6.141013926369433273e-02 3.625775807167087167e-02 6.919473009639034999e-02 3.732456909649748637e-03 2.215232582326494629e-02 5.408226886003309614e-02 3.162326083811397431e-02 1.308099806162184124e-02 8.108774626517796860e-03 6.181860429930302603e-02 3.578568326487666790e-02 6.673061943232899695e-02 5.546157059612665668e-02 3.098922077966792879e-02 2.825012196495845646e-02 3.899977679543276121e-02
6.739451044721077311e-02 5.588883940254082278e-02 3.906165191861687091e-04 5.262010553761425902e-02 6.970255641216295539e-02 5.385555601106754159e-02 1.341778802685714145e-02 3.665272220778072187e-02 1.063654852737793387e-02 2.721336277689308594e-02 7.103744134096841301e-02 6.999045336929188288e-02 2.144023147195946166e-02 2.574547180101290425e-02 4.549867786384528129e-02 7.301443501673267333e-02 1.120396719821203230e-02 1.947536987228184330e-02 6.621930783391892505e-02 3.728751478438860345e-02 6.814505872676690501e-02 1.406304247302219736e-02 4.037853527700022149e-02 2.473262021003802894e-02 2.399526689186924633e-02
3.127497381888334066e-02 3.030920583281982578e-02 2.500915287173584300e-02 6.403482209951109894e-02 5.121159085812503065e-02 5.091784750990288599e-02 2.028978058225030731e-02 4.043136831418008004e-02 5.453137740987037269e-02 5.567990734411713133e-02 2.411218749059570662e-02 5.395002925744333405e-02 5.150201109697107038e-02 9.903423067383567216e-03 6.060375459688671640e-02 3.088616898870883906e-02 3.404175037327675235e-02 3.137940744897588230e-02 3.974107027701867523e-02 4.347293218461577985e-02 3.486541964202593408e-02 6.066275772541265821e-02 4.393242357324608077e-02 2.809419508634519377e-02 2.916244254969786731e-02
6.575302568667570902e-02 2.823579603650771749e-02 1.714742287704270132e-02 4.815538152040750933e-03 7.103931011521749661e-02 7.448733604025338517e-02 9.740859988552843032e-03 2.712335118945337353e-02 1.422138015679906900e-02 9.398510203590270187e-03 7.297254960860032058e-02 4.612325821430572452e-03 7.951014889102429872e-02 7.821452755957478478e-03 7.002109509435125445e-02 4.593946305652094747e-02 2.983539211834220287e-02 2.776143940837319177e-02 6.141664079054305614e-02 2.550957189362474536e-02 5.330371149355187660e-02 4.195132622341928713e-02 3.932713357289054773e-02 7.307759922747548986e-02 4.497761959776145485e-02
7.320800270212149408e-02 6.424024171547061679e-02 3.413750213174770055e-03 6.844899146867373940e-02 1.920108249813079482e-02 7.996233171712069376e-02 3.800387211706929887e-03 2.948926193923295802e-02 8.830074880405869991e-03 4.210732393459126754e-02 7.260248205940415811e-02 2.640067086373883848e-02 1.336335165334849237e-02 2.924091523003803650e-02 7.205866061411494994e-02 1.242920111904610367e-02 2.013003231140058150e-02 6.095959449674010454e-03 6.248158412099217435e-02 3.499284070525694734e-02 2.752089805927913219e-02 6.362516112967049609e-02 2.974650744067630637e-02 6.443482336048184100e-02 7.217546360224866286e-02
1.743404192344435305e-02 7.799951391310018523e-02 1.300431082103091843e-02 2.329535201854841461e-02 1.440098175800245094e-02 2.767380964989107212e-02 3.845121891783968154e-02 4.182448343950582320e-02 6.837089551477847083e-02 7.124170522024128593e-02 1.762955897941916386e-02 4.989166041607005775e-02 8.930449066847626419e-03 3.676190045530295519e-02 2.581780301297950317e-02 2.535061647355038583e-02 3.865333084852363293e-02 5.845667268045216108e-02 5.541292002812818300e-03 7.041874756263906410e-02 5.885604519965273451e-02 1.413699139674996427e-02 7.522354482642044926e-02 4.055386027193003118e-02 8.008121363026673989e-02
1.483112699937885401e-02 4.021754316923337874e-02 2.182255425645387992e-02 2.286955633175333236e-02 4.443977030335397038e-02 6.930025838793985038e-02 6.054447094336374430e-02 5.443017051192126921e-02 4.204197241461639367e-02 6.934382385291518180e-02 3.701862523009886302e-02 6.569984057276589962e-02 6.270364310424821064e-02 1.607739854632012425e-02 5.798526446929395950e-02 9.150991352620038016e-04 2.427222260172335125e-02 1.726023015735298621e-02 3.810893715120342723e-02 5.540095277816881048e-02 7.343883560424625812e-03 3.871487845537393419e-02 7.055533287224852179e-02 1.719099195422187087e-02 5.091145224036357220e-02
5.109158884152045083e-02 8.672412053952542306e-04 4.100442797115021187e-02 6.107844565192206698e-02 3.789592608880034980e-03 7.579295888649910384e-02 4.481813143799722593e-02 2.642222640405248856e-03 1.933889278453030172e-02 8.218321467472161634e-02 5.018153216027896463e-02 9.261472365999858652e-03 2.477921126436138585e-02 3.935653626009816275e-02 1.805376866087944881e-03 3.547105818622863643e-02 4.217920647555474523e-02 2.099899495262423296e-02 5.072609641635864031e-02 6.491063438227714921e-02 2.032306657276451711e-02 5.347171653990060586e-02 5.511958866220578040e-02 8.174067084579218767e-02 6.706812134644575540e-02
6.756025169148914544e-02 3.905590521731006071e-02 1.476073201903823490e-02 7.930442265239527611e-02 1.030159309508726743e-02 3.754576855865929957e-02 5.422776653648367882e-03 7.516609540079549623e-02 7.684438658242617737e-02 5.729047809168948124e-02 2.787261914211804081e-02 2.025842502740210493e-02 2.112814206502092521e-02 1.013740124740939406e-02 4.187420673695173290e-02 1.129399924981582155e-02 2.522369642735374992e-02 4.990945168228969053e-02 5.793988736761931935e-02 1.933021956856729529e-03 3.425344042787929755e-02 5.193369177699436179e-02 6.795053259186401018e-02 3.785376433984197903e-02 7.718530999804408543e-02
2.576206165887679270e-02 1.310126098139039862e-03 4.691620527473148311e-02 2.483889658877412240e-02 7.988729413083775488e-02 2.257518511467667202e-02 3.012601109591320214e-02 7.673626614196644991e-02 6.935733111068521917e-02 5.412194590097674229e-02 6.836856253364860525e-02 4.060100613343330112e-02 5.149887516675593279e-04 1.101263845801615055e-03 4.958024660279840984e-02 8.077878162932232084e-03 4.953495652379809495e-03 9.363950095855622102e-02 8.330936541033580334e-02 1.474418265928009210e-02 6.441846239926729187e-05 9.132654876648443887e-02 2.699305323429642550e-02 1.802906139072984679e-02 6.706510431967892261e-02
8.022268156135343303e-03 1.949510701083685682e-02 7.182922354648900443e-02 4.710528680903402349e-02 3.835512821376428627e-02 2.931221523234281770e-02 5.705271842242920499e-02 1.038346972579892724e-02 7.125782207362031662e-02 6.343363193606138539e-02 4.549898833041334661e-02 3.160634966527937385e-03 5.162772204546722116e-02 6.727603628060550844e-02 3.864236387700309416e-02 2.609356242945828214e-02 8.860091717688121232e-03 5.560891805172917673e-02 6.519411261724468443e-02 7.384928953343878472e-03 5.590972072556372324e-02 1.256741018267099009e-03 7.123698375340808964e-02 4.530753880090091640e-02 4.069478530586676662e-02
2.307872729808611509e-02 7.246792068932596254e-02 2.073582331813787413e-02 6.458043789883971542e-02 7.682063643589763513e-02 6.109075085064703814e-02 4.047181475929031991e-02 5.152595959802479079e-03 3.683972002930242101e-02 3.417602694439507427e-02 1.581441852806367981e-02 3.303216439090419371e-02 2.789863587792650729e-02 1.276440800894214876e-02 3.441918978925865430e-02 2.049363722361874710e-02 4.071141413865440178e-02 2.741847900822157701e-03 7.066963867693352996e-02 6.366163127887999873e-02 4.309133655650786154e-02 6.642564299910831693e-02 7.504938655364015720e-02 8.618737351084850007e-03 4.919345654193011536e-02
8.147418937549379125e-02 8.064925158750332890e-02 4.925405531736736647e-02 1.045136206565018371e-02 4.761067011425450246e-02 1.685526261922500523e-04 1.623871459586535837e-02 7.805593950990681595e-02 2.697649260852261893e-02 5.211686275142839858e-02 2.292879479447702123e-02 7.737824060301758122e-02 5.947804483736634368e-02 2.691204638049754863e-02 6.463778330228513169e-02 8.830412223743321770e-03 3.202811598919318159e-02 1.805979556510171891e-02 5.581802896026984845e-02 8.363504944995730009e-03 3.241237704438574424e-02 2.258511823579181788e-02 4.133680048101578269e-02 2.856493110849567599e-02 5.766991497717888909e-02
1.944925277605066664e-03 5.017113436997245463e-02 1.824646971148598251e-02 2.126453454341796848e-02 6.332895848231476221e-02 7.561977807892004966e-02 2.505049014165519616e-02 6.542999062511066499e-02 8.229409992171322560e-03 5.017071745835443436e-02 5.943362733499453487e-02 1.234345587137223796e-02 3.371208823941312938e-02 7.064519722002565727e-02 8.196776357467011956e-03 1.432071843159176631e-03 4.673651366201914126e-02 3.446618645906593392e-02 6.320500357178783501e-02 7.307849789156486975e-02 2.367379703473848629e-02 3.073671474515972737e-02 3.848158591874657058e-02 4.654390328843520386e-02 7.785817188104261766e-02
5.139014732545518771e-02 2.870799762246199066e-02 1.943850887043657369e-02 6.961472670853313671e-02 9.989318459781577897e-03 5.308039946589815372e-02 6.819750989923986650e-02 4.898290641128295875e-02 3.117723629649827785e-02 1.466474989006848195e-02 2.708130175984303778e-02 5.209331788355806708e-02 4.786779210217971536e-02 6.838772856797108168e-02 6.388380542878659141e-02 6.014669139740445175e-02 6.716988788086605822e-02 2.036482279916858318e-02 2.723224633578734399e-02 2.799649615138192701e-02 4.130272319055470348e-02 4.924472044756723899e-02 2.112974815673480944e-02 1.434297538578398635e-03 2.942091940996173841e-02
2.087461020592758579e-02 6.374702240888897864e-02 6.009888539012609582e-02 5.820752871912573956e-02 4.418113513596284153e-02 2.329416796323621405e-02 3.713444491486767030e-02 5.515709169322514233e-02 6.671852406259866711e-03 5.419970979369573977e-02 2.786172422031033772e-03 5.523801089254648522e-02 5.463874215030754128e-02 3.451089784509159090e-03 4.243289783897249284e-02 3.399533736974762882e-02 1.148977207509382405e-02 1.003913062290455287e-02 5.231773116490993220e-02 3.840937095560437858e-02 6.650847399303058682e-02 6.645763808941804185e-02 6.716258903337073149e-02 8.025375443559511560e-03 6.348121953267807371e-02
2.442996763754307771e-02 4.577065286998598798e-02 7.565706025899565645e-02 2.033961946823448219e-02 5.656865647315210965e-02 1.856116613938281826e-02 1.046205089403044221e-02 1.164299661325707107e-02 3.572443069379700742e-02 4.649699271542558489e-04 4.243850079004664322e-02 6.634640275651748631e-02 4.012448398364078933e-02 8.569990860962963669e-03 6.261967202732774372e-03 2.778095542419031436e-02 1.691258193186931380e-02 9.640297932883469534e-02 1.510633114527581110e-02 8.045734446672891949e-02 5.854610516075723498e-02 5.686585952927440679e-02 5.115155299927771904e-02 9.706905365673265673e-02 3.634431978762541621e-02
