8.141130934215502768e-02 1.046685929224836636e-01 4.299750521568842382e-02 7.550345415781331559e-02 1.319830384007124879e-01 1.324776176222207114e-01 1.856227939723801082e-02 3.063176889781652965e-02 7.607168417516141541e-03 6.515439941721644368e-02 4.415887269064454161e-03 6.752275340034796791e-02 9.594747296777980661e-02 4.116212899420181037e-02 9.995462357774506645e-02
8.952905088168024161e-02 3.633796380980890833e-03 8.467900603045479258e-02 3.928259627483587924e-02 6.289719896517637077e-02 4.296044821898198363e-02 1.050260367169770503e-01 6.673867797739953256e-02 2.376900242433575144e-02 8.252661736483948851e-02 1.182352962421007181e-01 4.642098888255286743e-02 3.363162835503285403e-02 5.878640089456395323e-02 1.418832543900875043e-01
1.291132281090314471e-01 8.894880542057838346e-02 1.194348083159835622e-01 1.118833374156696925e-01 5.000436452692989114e-02 1.219927412345798642e-02 8.643892067925042222e-02 7.379606496543117400e-02 4.783095561166031406e-02 2.977218227799235256e-02 5.377801727897606188e-02 6.203552589047190563e-02 3.561684187177657085e-02 3.860090544654185690e-02 6.054676806624845892e-02
1.203309049694404054e-01 8.197741131897340328e-02 3.964091422905248463e-02 3.887038550127373121e-02 6.357109806318007872e-02 2.872311280767292363e-02 2.815935801810398945e-02 7.187898466666017838e-02 1.219753077407728474e-02 6.762114062271000481e-02 5.064413004455305123e-02 9.895783345275070697e-02 1.044196486117076189e-01 9.663748918400590082e-02 9.637005773583834367e-02
5.069636753983670918e-02 9.066380185011328752e-02 4.611640002830743462e-02 7.772633539024799421e-02 4.421101162638340493e-02 6.040478995399572310e-02 8.349283338150997533e-03 3.293029525610648850e-02 1.318434327007964035e-01 3.128955484020596450e-02 9.383133402424453928e-02 8.826767377362122746e-02 9.823627541077992187e-02 6.446803751358602674e-02 8.096540675362379202e-02
1.050900017266773526e-02 1.138662204512722043e-02 3.122378799032454050e-02 2.383038631756824455e-02 1.570861017927221992e-02 2.028909860210564506e-02 8.682164841274386813e-02 2.947234591019271682e-02 1.494059757397387389e-01 1.069601301687246320e-01 8.489808492988369648e-02 1.109724501057660906e-01 4.140971965633628848e-02 1.454239831241002090e-01 1.316881566454480845e-01
7.532640674645121881e-02 4.980556125269933881e-02 8.733430293295578462e-02 7.723807024462822635e-02 6.848222843848719710e-02 9.478813782046199843e-02 6.571729122292231662e-02 3.795160311584696439e-02 5.733536725205330004e-02 2.036657866081342111e-02 1.991976802795824425e-02 7.525900843115504446e-02 8.140558186973979871e-02 1.008160690975281742e-01 8.825402488629889575e-02
8.512085549645705129e-02 1.406025643688673873e-02 7.655213966571228212e-02 1.453045624029749017e-01 1.233322933411760969e-01 7.596038718192356376e-02 7.129170935580467217e-02 3.413415884830046931e-02 2.774965418372811812e-02 1.152865179440974892e-02 1.397388969129232383e-01 1.002445732657399752e-01 2.244425463351112232e-02 6.484769241634509573e-02 7.689914064106712077e-03
2.945661414191677943e-02 1.028028988022368362e-01 9.160608191858440885e-02 6.738717664102174265e-02 3.865870867792244731e-02 9.176089016743568805e-02 1.345623225944123369e-01 6.127313243730361098e-02 9.866901140409263180e-03 8.122209271234304140e-03 1.165907518715242341e-02 1.350206431173460175e-01 7.607932590725643984e-02 1.178221000608677960e-01 2.392191993489999058e-02
3.339400368335981861e-02 8.875873600398428986e-02 1.148732277634520460e-01 4.369951152018581447e-02 8.295517135255971869e-03 1.108391071922052717e-01 3.730969603381545374e-02 9.505733428935969620e-02 2.027069839225105474e-02 8.914173511960325758e-02 1.079274117334068361e-01 9.327051571018046827e-02 4.606208937359222710e-02 9.321121380772835752e-02 1.788920224161942574e-02
3.696456496260201730e-02 4.942240071981576083e-02 1.033262788196818854e-01 1.810896676216994933e-02 1.036693700451909034e-01 9.410952694417637487e-02 1.144470419588365928e-01 4.331151339574113718e-02 2.413973220076899226e-02 2.833663343762069659e-02 9.751346179317826879e-02 1.136936434732982865e-01 8.231240969005952646e-02 5.683303654609222350e-02 3.381141925076740218e-02
1.078336507632476904e-01 1.128123633291186201e-01 1.191679294021949324e-02 2.793205980053504317e-02 1.075844289347654831e-01 1.097241640387321276e-01 4.069890209218786359e-02 3.612545723892175709e-02 5.572391958712605980e-02 6.977489610614558135e-02 1.236112308636744955e-02 1.082506930716284899e-01 6.916546868835157791e-02 1.002384828774629116e-01 2.985759744518969722e-02
1.112046975162040985e-01 8.652060478923448428e-02 3.952544515679510401e-02 1.092732379696207679e-01 8.070106397935664089e-02 9.683516533938003878e-02 5.241426484192793916e-03 6.410072891206129893e-03 8.556556796380064556e-02 3.510079353025981341e-02 5.953511336096310724e-02 1.800190122266585174e-02 1.126630591379308155e-01 5.791843289763630442e-02 9.550341776075335631e-02
1.371263819493910574e-02 8.870056447105777175e-02 1.153486495658898048e-02 1.637715252305171620e-01 8.256909296966240264e-02 1.269622104718406627e-02 1.416797764603439785e-02 9.979050096718236618e-02 1.399575374655784472e-02 3.403671413476112850e-02 8.081827282304800131e-02 9.219501665871233931e-02 1.080359714956604239e-01 1.149259746102943708e-01 6.904891104779964373e-02
1.093734334145355924e-01 2.779597755611921614e-02 4.870135162823092251e-02 1.411886123901299750e-01 2.706143922964866430e-02 3.947657367726858241e-02 4.295100449681342469e-02 8.476201620923910773e-02 1.317851694105356074e-04 5.358108220848531618e-03 8.158739505699739991e-02 2.872861536504765084e-02 1.201148393910092677e-01 1.405675021630766741e-01 1.022013460316245070e-01
