1.077051769186805480e-01 6.060783665826043748e-02 7.177017981399411335e-03 6.812084009518980243e-02 5.766583902918249321e-02 9.254977141166730037e-02 2.080702422847079472e-02 3.530094151820817316e-02 1.263107485344975855e-01 4.097677422765389627e-02 6.360943875243404988e-02 1.450980578649819219e-01 4.271721769970632243e-02 2.252341617232920742e-02 1.088298989073381434e-01
7.847288209072389442e-02 8.463474156060610265e-02 5.816393175765457307e-03 5.774302118008164258e-02 5.904058087834793264e-04 3.411654022627000349e-02 9.770680989858897270e-02 8.516244416930966385e-03 4.078083630713633112e-02 1.367388986062240130e-01 1.344015221796866222e-01 6.667978355499810939e-02 1.018081216940605327e-01 8.754937481868964311e-02 6.444442448145411284e-02
1.015259118049636061e-01 2.043607378274255384e-02 9.813394046359852352e-02 4.983448850217087403e-03 1.026971314028923277e-01 8.007683804422156826e-02 5.282185239232890100e-02 7.955250507481850808e-02 5.453408317439322611e-02 9.239719973485033266e-02 1.343829791313659074e-02 6.019503779342546407e-02 1.032344364469097164e-01 1.098727611608869975e-01 2.610048196061476311e-02
3.012534185819009530e-02 1.081000755968363342e-01 4.131629994954121726e-02 6.800713205992122562e-03 8.548477562586881406e-02 4.955541146849285622e-02 8.792865447412591406e-02 5.704970148260679608e-02 5.985666788362098423e-02 4.993125150274652785e-02 3.473562611946026668e-02 1.077052761032910172e-01 7.997233446319670924e-02 9.432705701154003863e-02 1.071108132544904279e-01
3.355556258817655318e-02 1.233671555876053039e-01 1.156933584592146624e-01 6.787660368202955152e-02 7.616754268378080062e-02 1.541481358053153027e-02 1.022156516712808688e-01 2.323309141842434811e-02 7.159856272912556996e-02 1.695788338431019476e-02 9.779705186315459237e-03 8.168330027639902902e-02 6.588059888624443750e-02 9.050610624120843106e-02 1.060700636253533030e-01
1.339904002926448900e-01 1.146448306166255628e-02 8.606638860015108916e-02 7.867109103305824913e-02 8.871569687011569838e-02 7.406304967348331658e-02 7.599758816933833983e-02 1.184282733915853064e-01 6.163222577657997275e-02 7.294444313572373551e-02 9.421357649108579035e-02 1.220272956658308150e-02 5.889343947833550891e-02 1.392610083896489263e-02 1.879051362068761763e-02
2.653317928789540592e-04 2.617748962328514395e-02 2.704265922064074887e-02 6.444239288954199674e-02 7.117864629908669805e-02 1.028544266328100254e-01 6.075577520727856728e-02 1.112795770126954048e-01 4.931512791975475873e-02 9.294926176900815407e-02 6.900025467017437131e-02 7.787159520923968292e-02 3.375282047698856952e-02 1.170392480098786936e-01 9.607539326673802949e-02
1.987767032489451413e-02 7.337436789752124766e-02 1.359518386192613004e-01 6.697519902394554782e-03 4.134312101462031541e-02 1.011411176747084029e-01 5.373905173463026930e-03 1.019408552797986256e-01 7.828755716188233460e-02 9.989767017865339160e-02 7.520358912655140948e-02 1.282540534729645632e-01 4.729322762061830693e-02 7.843066215433575072e-02 6.932844398332183716e-03
7.836078639213429897e-02 5.938202224987322586e-02 1.392062886179416814e-01 1.338889356563940647e-01 1.957904016786753479e-02 5.892376084917710401e-03 1.708643320357408971e-02 2.729112375181532574e-02 1.028184299435747906e-01 7.702206589244285639e-02 7.574030178261728641e-02 6.577398515672178148e-02 9.478371796603451797e-04 5.557026234116153179e-02 1.414401115793035846e-01
1.188847282359141305e-01 8.302464964609447551e-02 2.847335865188485235e-02 1.334035482281046570e-01 6.147162118404962683e-02 8.975904418256940021e-02 2.943637383285331935e-02 4.754653778817537896e-02 4.999407335401330477e-02 5.721135192445205020e-02 3.222065254491754144e-03 9.570403696110352243e-02 2.463663752476839830e-02 8.743625113657374492e-02 8.979572209495152724e-02
9.182541043621308963e-02 3.841025743823908711e-02 3.842352006324024905e-02 9.940726820946738096e-02 5.107981605516762752e-02 2.006004628208374677e-02 1.191084048911996429e-01 1.721344352018255343e-03 1.166373992932668996e-01 3.845309627388565632e-02 5.023786011249356531e-02 1.287316860229764381e-01 5.745473059218939721e-02 9.419072854555067542e-02 5.425843143200823060e-02
1.190199310768368657e-01 9.373875494065743441e-02 6.262688639750665920e-02 1.097280995855444939e-02 4.737600574563515660e-02 6.391865006424410356e-02 3.698321959523210439e-02 6.965559065594482957e-02 2.731437055096158292e-02 6.440368426336184893e-02 6.879110933438037367e-02 8.772860017859078485e-02 9.710992204895158020e-02 9.510456328742397658e-02 5.525590190171806443e-02
5.555613225945767175e-02 1.064336614773312012e-01 4.420438812000097167e-02 8.992661462869384892e-02 1.211234746064181883e-01 1.126845360033685434e-01 6.692251357673772993e-02 3.717671213989216794e-02 7.582652997985457610e-02 8.337966798706426819e-02 6.420843305877980967e-02 4.160768477590715692e-02 5.549207034511449699e-02 9.965904386363081541e-03 3.549167665501632568e-02
1.992226146514951973e-02 9.163630601846975421e-02 1.318877940087280487e-01 2.161863782071882234e-02 3.890231340234714605e-03 1.019312776583267827e-01 4.869506958622180776e-02 6.956672326226207015e-02 8.393671174865169338e-03 2.444140138691275679e-02 9.562711187089163734e-02 8.321210648732861592e-02 1.173379038892593124e-01 1.323950148706035113e-01 4.944448916002744387e-02
6.661937785031346593e-02 4.808393790393137440e-02 5.430493541917413153e-02 4.205024809324102442e-02 1.049795277450163572e-01 6.698341544855372642e-02 1.523956737352639285e-02 7.494130848814385681e-02 1.037295218412510323e-01 9.611358797056829273e-02 5.993385630547944098e-02 1.580478998347255738e-03 8.652176486632175145e-02 1.000889515201728863e-01 7.882952017595892813e-02
