6.394461478370506990e-02 8.221207727112435359e-02 3.377244426965465146e-02 5.930428253732228372e-02 1.036662426475244148e-01 1.040547105158699664e-01 1.457976557747461821e-02 2.405976120691276018e-02 5.975059951541132792e-03 5.117560454270023845e-02 3.468464180594878557e-03 5.303583114200861176e-02 7.536206269093556620e-02 3.233084572008602248e-02 7.850948415123429336e-02 6.859593159868222767e-02 2.784164978166985341e-03 6.487989371389683846e-02 3.009778681389635099e-02 4.819097170666859081e-02
2.721839751037399488e-02 6.654121488049866140e-02 4.228354083380065492e-02 1.505929717289956893e-02 5.228628586864318001e-02 7.491018893635244258e-02 2.941088793556159708e-02 2.130794876306673843e-02 3.724522657669709913e-02 8.989279623829843358e-02 9.369552496452546175e-02 6.454880836695268964e-02 8.667204149487744980e-02 8.119205280106403522e-02 3.628741418278010750e-02 8.852829488689652540e-03 6.272742281348649140e-02 5.355269284579711880e-02 3.471020406836180378e-02 2.160522425727274057e-02
4.494132375666832352e-02 5.184197548593522109e-02 2.976435545115077227e-02 3.225808381841870076e-02 5.059784729454770702e-02 9.513318198547185411e-02 6.481104743362792187e-02 3.133996464483224109e-02 3.073078739561744752e-02 5.025908217507950304e-02 2.270838999021526985e-02 2.226268747509778378e-02 5.682726753331525382e-02 9.643324091997676831e-03 5.346103129997403086e-02 4.003906761316176899e-02 7.823570828408045463e-02 8.255379976373827811e-02 7.640125242551688844e-02 7.618982208155310187e-02
4.693563441540533898e-02 8.393822407500585447e-02 4.269541581223509213e-02 7.196047842006024486e-02 4.093137200018513028e-02 5.592387138964679399e-02 7.729920887964127942e-03 3.048747621054802986e-02 1.220630877045398854e-01 2.896844839714948078e-02 8.687078392768632362e-02 8.171984439874313555e-02 9.094896010820364973e-02 5.968570110745367863e-02 7.495927057686226080e-02 8.413413688985925398e-03 9.116030089612522924e-03 2.499749176739276060e-02 1.907839900693002536e-02 1.257617601538992512e-02
1.086626102333764984e-02 4.649919213421403741e-02 1.578454567700781491e-02 8.001756818639370328e-02 5.728478708181311552e-02 4.546898653909953181e-02 5.943367090361628691e-02 2.217786169378107783e-02 7.788492681069252022e-02 7.052841093902061098e-02 6.104216375722947008e-02 4.036086888149921503e-02 7.077298721020076899e-02 6.259131605779286178e-02 5.549585574781283615e-02 7.681334184113423891e-02 5.325523711776088132e-02 3.075479200866105753e-02 4.646278812503711747e-02 1.650443826389526650e-02
1.937795765417541990e-02 7.321199104463840812e-02 7.919137994334453368e-02 9.807390904805467213e-02 8.585354782530243978e-02 5.484261936577063817e-02 9.058899695685051698e-03 4.932187103660766458e-02 9.361845298074929211e-02 7.946191306194307080e-02 4.894061011015322232e-02 4.593262200352629665e-02 2.199233865977782976e-02 1.787885839555865275e-02 7.427809065988990808e-03 9.003254360274952350e-02 6.458669785486252646e-02 1.446063607602390312e-02 4.178079850344328799e-02 4.954544071644632897e-03
2.236629555143318515e-02 7.805785169596161921e-02 6.955615104399553994e-02 5.116682799551555000e-02 2.935341107981476530e-02 6.967369636101418406e-02 1.021726618929761077e-01 4.652445738849139700e-02 7.491900665159285412e-03 6.167162736891392862e-03 8.852691631016613300e-03 1.025206629301569222e-01 5.776674401197079423e-02 8.946187432662022765e-02 1.816382320262414224e-02 2.781134683711176600e-02 7.392045635607619181e-02 9.566924678815483252e-02 3.639402699430892979e-02 6.908710510706742719e-03
8.022510095223574222e-02 2.700467557555865858e-02 6.880228858565359817e-02 1.467188672018667102e-02 6.452059097360313134e-02 7.811762221082724222e-02 6.750899324496301146e-02 3.333963854165017393e-02 6.746607065896066679e-02 1.294816506686737034e-02 2.913505049306129233e-02 3.895417521934719379e-02 8.144060003728639807e-02 1.427328203447767070e-02 8.171102064656571295e-02 7.417606083476772916e-02 9.020585930405851383e-02 3.413764319943972392e-02 1.902666289377248285e-02 2.233461280671685326e-02
7.531031398443673031e-02 8.780637904301835661e-02 6.357043739993277487e-02 4.389254312448782197e-02 2.611279051332844603e-02 7.584021920915308412e-02 7.934178527598337305e-02 8.381170279030944470e-03 1.964482815189767459e-02 7.566493961906209376e-02 7.716983144258605931e-02 2.862384454570816514e-02 2.540730631522390703e-02 3.919105257745034848e-02 4.907321025051965269e-02 8.693671019259812532e-03 7.613352820744093141e-02 4.864459535497983600e-02 7.049848039839068381e-02 2.099907328810942872e-02
9.084589550213380271e-02 7.068084349871006644e-02 3.228932356806518689e-02 8.926803794706118789e-02 6.592671522811673068e-02 7.910706568912083403e-02 4.281852235565063169e-03 5.236548680425296559e-03 6.990065005740862814e-02 2.867471511828274811e-02 4.863572140295284452e-02 1.470620282992754144e-02 9.203726754352084538e-02 4.731501474476219188e-02 7.801912782259759482e-02 6.967861009662837043e-03 4.507179405791306159e-02 5.861259856794425946e-03 8.321791977038314747e-02 4.195618343659589938e-02
1.065413118303612516e-02 1.188916701104955446e-02 8.373996358239685356e-02 1.174464400605003053e-02 2.856216948992662194e-02 6.781927295083849117e-02 7.736615472065838661e-02 9.065921336150711829e-02 9.644101227332731174e-02 5.794292282838073987e-02 9.616496839046678735e-02 2.443920081520537316e-02 4.281994076341597705e-02 1.241379924147676950e-01 2.379336889111365733e-02 3.470919163203253777e-02 3.776403337472569038e-02 7.452574500957777348e-02 1.158701547080831366e-04 4.711037146815230496e-03
5.056645071487840537e-02 1.780549693918421356e-02 7.444509169520401037e-02 8.712129692677517134e-02 6.334261957367323670e-02 7.611729968200722785e-02 4.283271239114240514e-02 5.072135287663998710e-03 4.814229499878693030e-02 4.075354663882803374e-02 6.540668598838086933e-02 1.470472027435669633e-02 2.494784764735318017e-02 8.926621147020710745e-02 2.895906671452958339e-02 4.495400175405627613e-02 1.025435607624027301e-01 3.018907126149607614e-02 1.591772714830756372e-02 7.691216213076612629e-02
5.674459528020834448e-02 6.120030293967401724e-02 4.205897221511517570e-03 4.175460719452218222e-02 4.269288673731896325e-04 2.467004162358248445e-02 7.065285785484191894e-02 6.158189044049467743e-03 2.948906666587719147e-02 9.887738609499628628e-02 9.718720375674567979e-02 4.821687735166699240e-02 7.361856106022333923e-02 6.330790597672029951e-02 4.660046487190681180e-02 8.576398627398876262e-02 1.726336774757895182e-02 8.289861940960197018e-02 4.209767055411441604e-03 8.675337370951903548e-02
6.442363269733682174e-02 4.249637847884406988e-02 6.400179492930116454e-02 4.387390698385158772e-02 7.433564315680428469e-02 1.081141551012793425e-02 4.842827338992052033e-02 8.305444592729142872e-02 8.839512874574577406e-02 2.099842980969762740e-02 2.400938936377405158e-02 8.615393702336507364e-02 3.292839421469757194e-02 5.420053723627180943e-03 6.812992437854627215e-02 3.949482713357534147e-02 7.007765460188793150e-02 4.546764987533577496e-02 4.770475475435174972e-02 3.979436530191773208e-02
2.640648028768377217e-02 8.187896888686586883e-02 6.079602153419514515e-02 7.170867060245636471e-02 8.142705040281070228e-02 2.274338344463053968e-02 8.361613716442153899e-02 7.841496939652398135e-02 4.600559506052102204e-02 5.162505098045581248e-02 1.044789563781764637e-02 6.928001144054309057e-02 1.574698994674474453e-02 4.852827491578720620e-02 1.149376182280405917e-02 6.628516045389934094e-03 5.536353665140535812e-02 4.465273732468149487e-02 6.134348285519623800e-02 7.189246559906538325e-02
1.110514843581475591e-01 9.501784147340545245e-03 7.133197741418033366e-02 6.520274151144278552e-02 7.352772886547320752e-02 6.138358855834407518e-02 6.298693753740128298e-02 9.815356563891083908e-02 5.108089939157674925e-02 6.045648545125865275e-02 7.808438136742601454e-02 1.011364417622754794e-02 4.881098838977718235e-02 1.154197738129444060e-02 1.557361142941443566e-02 2.402049730924567575e-04 2.369849132047994328e-02 2.448172968629471272e-02 5.833972281304317109e-02 6.443805558887390206e-02
7.254017184789787742e-02 4.284924352378194357e-02 7.848218014456664893e-02 3.478049483247935836e-02 6.555435329905631714e-02 4.866382998946693073e-02 5.492052295147639013e-02 2.380486166621591931e-02 8.254430500978611474e-02 6.775912098371825176e-02 1.281794419305059933e-02 4.731482802252289649e-02 8.766737006307404045e-02 4.318837919010243623e-03 2.665975485408161524e-02 6.521997702887526172e-02 3.465316381966935047e-03 6.573568092292225717e-02 5.048305572582695300e-02 6.441815064022345105e-02
5.783315663154121877e-02 9.863008999012327915e-02 3.636949608870048561e-02 6.031484430157000448e-02 5.331504528542366055e-03 5.810616151309800498e-02 4.403301108488956450e-02 1.032243735992545847e-01 9.928144520060785960e-02 1.451826765204261398e-02 4.369320067473344074e-03 1.266994747144720677e-02 2.023693887732734911e-02 7.624201557814133667e-02 5.711347227199342624e-02 5.616301738484475586e-02 4.877278522641547570e-02 7.028410865334507084e-04 4.120651141455208138e-02 1.048808000309014027e-01
8.796208663761910518e-02 6.142943280936524753e-02 2.106726471739104808e-02 9.870447315756621098e-02 4.548247826765702134e-02 6.641217032712125323e-02 2.177979378684053238e-02 3.517939384058646479e-02 3.699031050486708411e-02 4.233033097949843310e-02 2.383986465488231992e-03 7.081083429014710384e-02 1.822849811384465862e-02 6.469354989382487819e-02 6.643930809119336089e-02 7.483824935031210823e-02 3.130458562741127160e-02 3.131539474475865392e-02 8.101750800952128850e-02 4.163035038498610202e-02
1.563823834684309466e-02 9.285350584980746336e-02 1.341910824896534304e-03 9.092718055855585069e-02 2.997693406331780608e-02 3.916399889746057655e-02 1.003555405859791194e-01 4.479006471469536982e-02 7.342839803782909291e-02 4.229832130633792014e-02 9.370185761020127790e-02 7.379852591526529781e-02 4.930481423318077566e-02 8.638659651520887509e-03 3.729812061184704236e-02 5.032179226426804208e-02 2.911610135483993014e-02 5.483836344338161028e-02 2.150402236770054820e-02 5.070364936207182732e-02
