4.669357396022202206e-02 5.954783867424127269e-02 6.591563025133410914e-02 6.455444610189679799e-02 3.750623543000732724e-02 4.032165609382032390e-02 7.724766502557345316e-02 3.208276140045741853e-02 6.526714300062581853e-02 8.790927102628093293e-02 8.178443896346025699e-02 4.857117419141197129e-02 2.698219873555899803e-02 5.503355147828822846e-02 6.051548516894802304e-02 4.660134265697488815e-02 3.019812013836884954e-02 4.027516109185018400e-02 7.233076763770207411e-03 2.575922984690888484e-02
1.418397307349421668e-02 6.524193547977291674e-02 9.389962691809852768e-02 1.539173538461528941e-02 2.769712498557371297e-03 7.257160539639162522e-02 3.466923456612276688e-02 4.952914262716928695e-02 5.976008604260059191e-03 1.740144710764305463e-02 6.808325361282303867e-02 5.924419172339902284e-02 8.354059965415755462e-02 9.426075093304737973e-02 3.520279583245809751e-02 6.071625357137314105e-02 4.382323373005682365e-02 4.949299041032855645e-02 3.832418747147394583e-02 9.567732140475736224e-02
5.825504930989866548e-02 1.325375457284884602e-02 6.517597814459326344e-02 9.021290373578229327e-02 8.358937460985549350e-02 5.212409267320321921e-02 1.374532507269552676e-03 7.524742721634181120e-02 8.704672294087420492e-02 6.855753105711918927e-02 4.006922749465847283e-02 3.557500351516575121e-02 6.955477363430138948e-02 1.007455097607327585e-02 7.329974866281739609e-02 4.659422789846921070e-02 6.549934036896775877e-03 7.688202702129931509e-02 3.659004917202419299e-02 9.973090820507519993e-03
1.683729260761810884e-02 8.326034501925409781e-02 1.673492669591239435e-02 7.597682836429445197e-02 7.790137669653676711e-02 8.381728274981922397e-03 4.217949846563381899e-02 7.625859957724939742e-02 4.747625037738229664e-02 8.389811433125740625e-02 3.678673779355826762e-02 6.087001392606031930e-02 2.068547388698954020e-02 8.159634140900239030e-02 8.131548183786201089e-02 5.481705145170494287e-02 3.130024977284121684e-02 3.367180505083114395e-02 5.761183526131080646e-02 1.244004919971898430e-02
5.379525033820685420e-02 3.113295942785267514e-02 3.599661265682913697e-02 3.391642205566879759e-02 8.794618092832208467e-02 1.849481234897048729e-02 2.491759627078695555e-02 1.733289003689069546e-02 1.591367480517741264e-03 4.485157918732033538e-02 8.893786914721857340e-02 9.513458607159137881e-02 5.136014250875153148e-02 4.440597999153630959e-02 9.149022221266123189e-02 5.569445940468497475e-02 5.782029079256116588e-02 6.842655371842598644e-02 8.389842604167327064e-03 8.836438281703573594e-02
1.141098743646096376e-02 5.744410572988897096e-02 9.992792966472792415e-02 5.921227946548519860e-02 3.692847617988260361e-02 7.841249459125117227e-02 9.723065960673447916e-02 6.649944897007616096e-02 6.030808845552500762e-03 9.483436162282982140e-02 1.939990262669902699e-03 7.319043667716183810e-02 9.712614349139353509e-02 1.699033164121851319e-02 5.699557674565147031e-02 7.608414624995132880e-02 1.893988451452284505e-02 2.645986446217097471e-02 7.183728535173399855e-03 1.715834530719638484e-02
1.056012724010632967e-02 2.597467260047112494e-02 6.707863905432329132e-02 6.199448193072053942e-02 6.815366931282519636e-02 5.895407224270848151e-02 7.098059659350508532e-02 1.331220428028401584e-02 4.953892656583132326e-02 1.917855048621356501e-03 4.393993214951935622e-02 7.537604295140654109e-02 4.220823263313434187e-02 2.641647644578543758e-02 2.454587815711764889e-02 3.517074262114581323e-02 8.166823077351961779e-02 8.707269984045455657e-02 6.688288560492654244e-02 8.825363395359336893e-02
7.099875733944431555e-02 2.647557467710368040e-02 4.052575194484733107e-02 6.735778697918395896e-02 6.607153336850371539e-02 6.316401259476693564e-02 4.544437678483986831e-02 1.333205368978406836e-02 8.938561243056598882e-02 2.050339715962264109e-02 9.122483398096678520e-02 1.186889534939544570e-02 9.131344189697965241e-02 3.503336769147995244e-02 7.553475618374179412e-02 6.792253521364459683e-04 4.144963478829429698e-02 2.318770154522415902e-02 6.469160610398863587e-02 6.175768013913009169e-02
4.076017518628886893e-02 6.235432688452301891e-02 8.632288237296338596e-02 8.228269089528049765e-03 4.965115507639778630e-02 5.964754761625384177e-02 5.587590500343254246e-02 2.314143244004560757e-02 7.720688659642088725e-02 2.166593987054745915e-02 7.456033752099740231e-02 4.153761154566815855e-02 1.262664161081912019e-02 7.272210410402504821e-02 6.898892366128734320e-03 7.015076053492177999e-02 5.294573899626787289e-02 7.735740000824242735e-02 7.087565131143912234e-02 3.547034186508873921e-02
1.969102197174729327e-02 3.877135240552390810e-02 1.926299010748317624e-04 9.516955987193012612e-02 1.245506143131097643e-02 2.611375901855153212e-02 3.568134743710046908e-02 5.914968226740373314e-02 1.000338595894693511e-01 6.473763731058868043e-02 7.337524442208913367e-02 1.357591207325483870e-02 4.925625105073081628e-02 3.010170901941391225e-02 1.076569414019759446e-01 2.571140523297080552e-03 8.983762857351673681e-02 1.016487012545969765e-01 7.350231878666717289e-02 6.478241689756494143e-03
2.276121686521357518e-02 2.155858799990662336e-02 2.427275210681715048e-02 2.385782970801443581e-02 8.817541289666443183e-02 7.171775407382793843e-02 8.075991663795675790e-02 6.467812349440628383e-02 3.142444253725056036e-02 8.537780630034770557e-02 4.391523875924533554e-02 1.680943977004376033e-02 6.612816983003846905e-02 2.350567470475851614e-02 7.458444370851578797e-02 6.712346520040041176e-02 2.630628691584913081e-02 4.166603607341844151e-02 6.482265623198217586e-02 6.055474618534244236e-02
5.569262568833061033e-02 2.264844164912890173e-02 3.430884290079375121e-02 7.348354294096973160e-02 4.833199513587577850e-02 7.592318984736363963e-02 7.235430238862736174e-02 3.761486027027893114e-02 1.048093864091811586e-02 7.200214776765231917e-02 3.760763417506894635e-02 5.975248816842013838e-02 1.321989039277406131e-02 1.544367430178885531e-02 4.482657450473409577e-02 7.079565050433307694e-02 1.242344092495682728e-02 8.190801575575663851e-02 9.004299300667470418e-02 7.113875103555336588e-02
7.850944043246403659e-02 2.497695802926853947e-02 1.050135005602424905e-02 3.447101663594581700e-02 1.314847451672051387e-02 4.362059070785945236e-02 7.971548438683599691e-02 2.944037868609561751e-02 8.963588829070198716e-02 4.744282972415727467e-02 1.695695708727573345e-02 6.726845963186842137e-02 4.592831668120391647e-02 3.458620925867329082e-02 5.408301724073075883e-02 1.037988324877764518e-01 7.874761195248965173e-02 3.074545406083576196e-02 9.713434313851528057e-02 1.928838699455721895e-02
3.919611941881588624e-02 3.578228762011034098e-02 9.466185515515988802e-02 4.339236569791919272e-04 6.235253279571566221e-02 4.884952936357965514e-02 1.497523739986803513e-02 6.162386798728377441e-02 7.758304773819711675e-02 7.365745109107982302e-02 7.454793975731129931e-03 7.635775559303041582e-02 3.321937336900200599e-02 8.187953938768599560e-02 5.398109131667588184e-02 7.676346870193764826e-03 7.152248313981922345e-02 5.412505701997809282e-02 4.335304556995772662e-02 6.131466153113638434e-02
5.184371490671185745e-02 4.314424295322473804e-03 1.066421702915944375e-01 3.362774001322119816e-02 3.263910427469939035e-02 5.809868093529065719e-03 8.382186494177332192e-02 1.062623931309078784e-01 5.409247737794809635e-02 9.512386103049970398e-02 3.841940979863133626e-02 4.495321431805053558e-02 3.408557660881463697e-02 3.446119173660333601e-02 6.558211678850267567e-02 3.808364762893641509e-02 7.687745302502119876e-03 8.065228275574726213e-02 3.606182916339464167e-02 4.583536754260973678e-02
2.062578838734624442e-02 5.465505952679896619e-03 7.244013144434209572e-02 4.685669084969689563e-02 1.032312938469712171e-01 2.095242746628105026e-03 9.132984821171781509e-02 2.052599340181146710e-03 1.915037784786514929e-02 1.531886944436307687e-03 5.639738060322395385e-02 3.916105071019768125e-02 3.524654146272331728e-02 1.078815105150523063e-01 6.399958446790104949e-02 1.025617723611763898e-01 9.842277274211368165e-02 3.759578960405374204e-02 7.235850217163067311e-02 2.159572979006229784e-02
3.714902987332641821e-02 6.960125674478792601e-02 5.781465124949305978e-02 8.634446982040654139e-03 7.942032985244932425e-03 7.836420044966795062e-02 7.125549653640628200e-02 6.592087592118259232e-02 2.244405909345294908e-02 7.966685164014748743e-02 5.863995277133996625e-02 1.495247620382192735e-02 1.688973275374368310e-02 6.309798295030133453e-02 9.943114077243912774e-02 5.956797912100352671e-02 3.000062217088749969e-02 7.278428813556704624e-02 2.065454288103244981e-02 6.518838076411342941e-02
3.895235917234332601e-02 2.898790770925169669e-03 4.859811994955055836e-02 4.776162602933437668e-02 8.582077863722309408e-02 6.689957246459891926e-02 2.859348158095090589e-02 6.071504276137831141e-02 2.352757523382029842e-02 6.156181736951524264e-02 5.660141427841614697e-02 5.782902357150697392e-02 1.516350684148763672e-02 6.688222400534343803e-02 5.060494835011269954e-02 6.985802489215607591e-02 4.203926704047649364e-03 6.898363030596521561e-02 8.942875532780149295e-02 5.511538175352242303e-02
1.237891527359794540e-02 8.159401356413398254e-02 4.908321034582983217e-02 2.450331190109865040e-02 5.495172336836193216e-02 7.586334091324735407e-02 9.565693545540529530e-03 4.943327864761962870e-02 5.588765880887824195e-02 8.180107956159778093e-02 3.373016469440836412e-03 4.481988890569722078e-02 6.471040987391561694e-02 5.826858927092586071e-02 7.608661070614435029e-02 5.798096885606532358e-02 5.578985656593247328e-02 5.387082962765953054e-02 1.454634652963599645e-02 7.549125726467710573e-02
5.372665273959292831e-02 2.223720800765030016e-03 8.545163532083539792e-02 7.171172200522735185e-02 6.846896328507776075e-02 5.391076007431905640e-03 7.347243295100712446e-02 3.520423365414440675e-02 8.482781434776337504e-02 1.625319545941784904e-02 3.493548487708225680e-02 1.073847946381108198e-02 1.911792150457759147e-03 3.369948993067885257e-02 7.284050675554412657e-02 4.372009606442475715e-02 3.103083239617679401e-02 9.751088272589776562e-02 7.568599637455616924e-02 1.011949926901073160e-01
